83
58
37
32
36
38
32
25
23
23
23
21
23
20
19
22
29
34
34
27
17
7
5
5
7
15
35
64
82
81
63
47
38
32
33
23
15
12
12
12
12
14
19
23
22
12
6
15
39
63
65
46
24
14
13
10
9
8
13
16
22
29
36
42
46
50
51
53
62
80
92
100
97
91
73
50
26
18
21
25
19
20
25
35
32
25
21
27
30
43
50
62
70
65
53
39
28
24
18
12
4
5
13
26
35
40
49
63
82
93
98
96
90
82
81
84
86
86
86
84
82
77
75
69
64
53
41
22
8
1
0
1
4
16
35
52
63
68
72
74
77
79
84
86
85
78
63
44
30
17
17
19
26
27
34
52
65
73
72
71
68
70
75
77
73
65
54
39
19
8
4
5
6
6
5
4
5
9
14
20
22
28
45
67
83
92
96
98
100
100
100
96
88
73
57
42
34
32
43
62
81
88
85
68
50
40
31
26
13
7
3
11
22
36
52
68
74
67
61
61
78
89
95
90
83
70
55
45
43
46
52
59
68
75
83
85
86
82
73
60
43
30
22
21
30
47
71
85
92
87
85
80
80
76
77
74
77
70
65
54
44
37
31
29
27
22
20
23
38
50
54
52
48
47
39
30
22
18
18
18
17
15
18
20
19
13
9
10
14
19
20
21
14
8
5
13
25
35
46
50
54
59
66
76
87
95
98
100
100
100
99
98
96
87
74
63
68
72
68
51
32
28
29
33
33
36
39
47
54
58
62
70
82
83
71
50
35
28
32
41
57
66
63
51
44
38
30
16
12
19
32
38
37
32
27
22
14
8
5
18
39
61
68
64
59
53
45
37
30
26
18
11
11
20
34
48
58
67
79
90
94
93
91
91
89
76
52
25
10
4
5
7
15
31
49
59
67
71
82
89
96
98
100
99
98
96
94
93
92
86
79
72
74
78
75
60
50
45
42
28
14
5
4
5
6
3
1
1
3
6
4
8
17
34
43
48
44
44
45
50
55
66
65
55
42
31
25
18
18
29
53
73
88
85
74
63
45
29
20
23
32
35
31
26
22
22
27
36
46
60
76
90
97
100
98
93
89
85
85
85
89
83
68
44
29
25
22
19
21
28
36
37
30
16
11
23
46
67
76
73
72
64
56
34
20
9
7
2
8
16
25
30
45
67
80
74
50
31
19
27
28
28
30
28
39
48
56
45
33
22
24
24
24
24
24
21
15
10
9
12
29
44
61
73
86
91
89
82
82
89
95
97
95
90
80
70
60
56
49
50
44
38
25
27
45
73
88
92
85
85
86
93
97
100
97
90
74
52
29
21
20
26
31
39
49
56
68
77
83
82
80
78
65
56
47
57
63
64
60
43
37
38
54
69
77
84
82
83
80
88
91
91
84
84
81
77
73
68
67
71
78
80
81
80
68
59
54
47
30
25
35
60
82
85
70
44
25
16
15
15
13
15
14
14
10
7
2
12
29
50
55
51
43
34
26
16
11
10
10
11
13
19
24
29
30
25
23
30
50
68
80
85
82
68
43
25
22
30
45
59
74
81
82
74
67
64
69
66
64
63
76
88
96
98
100
100
100
97
92
79
66
48
37
20
11
3
2
0
0
3
11
25
42
62
81
94
99
98
92
87
82
87
90
94
86
80
71
76
75
70
70
65
60
45
33
26
28
39
59
80
91
89
85
84
90
84
65
37
26
33
41
38
22
12
6
12
15
23
29
40
57
67
73
76
78
80
84
86
85
75
67
38
36
29
35
36
50
56
61
52
43
40
59
76
88
84
78
75
79
82
84
84
88
86
81
74
62
55
49
50
48
45
35
26
18
17
18
20
16
17
29
53
76
85
85
79
76
70
63
51
36
18
6
6
14
27
33
32
24
17
10
12
21
43
61
76
80
84
89
90
85
78
79
84
84
73
55
53
60
79
90
97
98
99
99
99
99
98
96
93
92
91
92
86
72
46
20
4
2
9
17
22
29
36
38
32
25
19
22
30
40
47
52
55
69
77
87
85
84
76
69
64
54
65
72
86
83
69
38
19
12
18
20
35
39
45
46
45
47
54
65
78
79
65
34
15
11
20
28
31
29
28
23
23
16
12
8
12
27
44
64
75
83
89
93
97
98
99
98
97
91
80
65
55
50
48
42
30
15
5
0
0
0
0
0
1
9
20
29
28
19
13
18
32
42
42
38
36
42
44
46
53
73
83
82
67
59
58
69
83
94
96
87
73
59
48
36
29
22
26
35
51
68
79
84
76
60
46
41
46
55
63
71
76
79
74
67
59
47
38
27
21
22
29
42
42
46
42
46
43
45
41
42
36
27
24
27
42
61
79
79
72
60
61
61
61
60
63
72
82
87
85
82
77
76
62
46
26
15
10
7
9
22
48
64
65
49
48
44
53
61
64
56
53
51
64
72
77
58
48
43
48
56
63
66
69
76
82
87
77
58
36
24
22
27
29
25
15
9
9
16
29
40
51
50
44
27
15
9
9
10
14
16
19
11
5
0
6
18
33
41
46
56
63
67
64
67
74
87
93
96
95
95
87
66
33
16
18
38
55
67
74
85
93
85
65
38
16
7
15
31
48
58
61
60
65
70
79
90
95
89
81
72
69
66
55
46
32
27
20
21
23
25
25
25
24
21
18
20
25
39
49
61
67
71
71
68
63
56
53
53
52
58
69
85
95
99
96
93
86
84
73
66
60
74
85
92
87
86
87
91
93
92
85
74
57
44
29
29
25
34
39
51
52
51
36
27
28
40
47
49
50
58
63
63
57
48
42
43
50
62
74
85
77
55
26
7
3
14
31
50
63
68
70
70
75
80
87
93
98
99
93
86
70
56
41
31
26
27
28
20
19
18
27
33
37
37
28
19
9
4
5
8
12
12
10
10
9
9
17
32
50
55
58
55
58
63
74
86
94
98
94
83
63
44
32
24
23
19
25
30
50
63
72
63
56
57
68
78
82
84
87
92
93
93
92
93
96
97
89
77
73
78
84
89
84
82
74
70
61
55
37
23
10
8
5
4
2
2
1
4
11
30
49
71
75
80
78
84
85
82
78
78
81
83
88
93
98
97
87
75
62
55
39
24
15
26
41
46
44
43
44
43
29
17
8
11
19
30
35
35
30
23
16
8
7
9
14
23
41
56
69
75
84
90
87
69
53
43
50
51
62
75
82
76
60
49
45
45
42
38
37
35
31
18
8
3
11
27
50
61
64
59
54
48
42
45
51
63
76
89
97
95
89
84
85
89
91
86
82
80
82
81
78
78
83
88
89
87
89
92
90
73
51
23
6
0
5
17
32
38
30
14
3
3
15
29
35
27
17
12
12
11
10
12
14
14
11
9
4
10
28
58
83
96
96
92
90
90
93
93
88
83
75
70
60
54
48
39
31
25
30
43
57
67
70
69
68
72
85
94
94
86
68
49
28
19
17
17
14
13
16
16
13
8
10
14
20
23
24
26
25
24
26
29
26
29
30
38
37
36
38
41
38
27
16
15
24
34
44
53
62
74
87
95
100
99
96
92
89
86
80
69
64
72
87
95
90
73
47
23
11
11
19
18
25
29
45
57
71
72
70
66
66
71
78
83
87
81
71
52
42
37
44
43
33
26
27
41
43
41
37
42
50
53
54
52
54
57
52
38
18
5
5
10
19
18
19
16
17
15
12
9
9
15
16
17
17
24
36
52
70
72
66
51
38
32
29
33
40
48
56
65
66
63
56
66
78
93
97
99
99
97
93
87
75
60
46
37
35
33
34
32
29
27
24
26
29
33
44
59
80
91
92
84
75
77
83
93
96
95
92
90
84
80
62
45
31
26
22
22
20
17
12
14
19
34
46
56
66
82
92
94
88
84
86
87
86
82
82
86
89
88
82
82
76
63
48
35
35
43
55
65
72
76
78
78
79
80
77
67
52
38
28
25
22
24
29
43
50
71
79
85
78
65
51
42
32
21
11
9
11
11
7
3
6
11
20
19
18
8
7
8
13
14
12
15
24
29
24
15
12
17
22
19
12
5
4
8
14
27
46
71
84
87
81
78
79
79
80
77
78
75
80
78
76
62
57
52
57
52
46
40
39
37
29
15
15
30
54
60
56
49
54
66
81
86
87
84
81
84
84
88
90
94
91
83
81
68
54
47
42
36
40
45
59
54
49
34
18
10
8
11
17
23
26
29
37
47
61
66
59
48
39
44
46
56
65
79
82
77
79
83
91
93
94
92
86
76
65
59
54
53
44
31
16
11
9
19
25
36
31
26
15
12
10
8
7
7
7
6
7
17
34
49
55
49
44
46
56
69
81
83
80
72
77
65
46
29
29
46
71
83
83
75
74
76
74
66
62
66
65
66
63
70
72
53
46
40
37
28
17
11
13
22
29
32
32
40
56
76
91
94
85
71
61
58
57
59
59
59
57
54
51
49
45
40
31
20
10
5
4
4
2
1
0
2
5
18
38
67
79
75
55
36
23
14
13
18
27
30
31
29
29
23
23
32
52
63
63
53
51
60
79
92
100
100
95
90
76
65
55
61
68
79
86
87
90
93
97
96
92
82
73
57
51
46
45
36
29
24
31
44
60
80
89
87
75
61
45
26
12
8
15
27
35
44
45
43
37
31
34
48
62
63
50
37
27
27
21
19
22
30
33
32
28
33
45
69
87
98
100
100
96
89
79
75
77
83
75
73
66
59
46
35
28
24
26
35
52
60
78
89
87
79
71
66
72
77
79
65
43
21
6
3
5
12
21
28
30
29
26
23
17
9
2
0
1
13
36
63
70
56
31
15
9
7
6
7
13
23
33
44
50
59
60
67
79
91
98
97
89
76
63
54
43
34
23
18
16
17
23
27
29
24
23
31
45
54
63
70
82
92
97
98
95
92
91
94
96
92
80
64
49
36
23
18
28
36
55
63
78
87
95
96
94
92
92
94
93
91
88
88
90
92
88
81
68
61
59
59
56
42
32
23
17
8
4
4
10
26
43
52
47
34
21
26
44
63
70
71
84
92
84
64
38
28
35
48
54
59
66
71
73
71
68
64
60
58
55
50
36
19
9
8
22
29
32
23
27
36
51
50
45
41
46
50
61
65
65
50
33
15
5
6
15
17
18
15
20
30
39
37
39
46
50
44
42
28
14
5
0
0
3
13
28
41
48
43
54
58
64
55
54
46
42
36
39
43
45
37
33
32
42
50
58
61
68
73
80
84
89
93
96
98
98
97
95
94
92
82
59
32
16
10
12
14
14
17
17
17
14
10
6
4
3
3
7
21
47
66
69
54
48
35
33
32
32
40
44
44
32
29
33
46
49
41
29
26
30
38
45
53
62
69
75
80
71
73
78
78
83
83
87
87
81
77
74
75
66
50
36
26
25
21
19
17
16
15
10
6
2
0
3
8
20
38
62
83
95
100
100
100
100
98
89
78
67
73
75
83
82
78
73
73
76
80
83
85
80
70
52
28
17
8
3
5
15
32
49
65
76
80
80
80
83
84
86
89
90
92
88
88
86
90
93
96
98
90
70
39
16
5
6
10
14
16
15
13
8
5
2
4
14
34
54
52
54
53
48
44
43
50
60
63
66
59
59
51
60
67
77
72
65
55
63
70
87
83
79
62
56
59
67
69
58
47
34
25
15
11
12
17
27
39
52
63
74
85
91
86
71
52
35
21
14
10
6
3
1
5
12
17
19
21
30
44
61
75
76
62
41
19
8
2
7
16
29
30
28
29
47
64
76
73
69
67
70
77
87
93
98
99
98
96
94
95
89
83
78
86
92
95
91
84
77
67
57
50
50
63
65
56
31
21
21
30
39
44
42
46
42
42
42
49
62
79
90
94
82
70
49
46
42
45
32
17
15
29
52
64
65
62
56
56
53
48
40
33
32
31
29
27
29
31
32
27
19
9
9
22
50
76
90
94
96
89
72
44
25
16
16
16
16
16
16
13
12
11
23
41
70
84
84
72
65
67
69
73
75
79
78
77
76
77
79
85
90
95
98
99
89
71
41
21
8
7
6
4
5
11
22
33
39
41
36
42
51
55
49
33
20
12
18
29
41
67
60
52
46
43
42
39
32
18
10
9
15
18
17
9
7
11
20
22
17
20
33
58
65
57
45
42
54
67
81
88
95
97
99
100
100
99
99
98
99
99
97
91
80
84
77
66
58
48
53
57
62
62
66
71
73
80
85
84
80
75
66
50
50
44
48
64
76
83
83
83
86
86
84
77
77
78
82
82
84
86
86
86
81
75
65
56
44
33
18
11
9
9
7
8
12
19
21
19
12
9
8
8
8
11
16
21
29
35
34
35
37
50
60
69
77
87
94
94
91
85
78
69
58
44
35
32
35
33
35
30
32
31
33
45
52
51
44
50
51
52
34
26
21
25
29
31
33
30
25
17
10
13
30
58
77
80
69
53
38
23
21
27
43
50
53
47
39
28
17
10
7
7
11
16
19
27
42
63
79
86
77
60
45
47
66
85
95
93
88
83
79
75
74
75
79
78
75
75
70
63
43
32
30
45
60
70
76
80
85
79
71
53
42
29
21
13
14
20
24
24
15
9
6
7
9
19
33
53
67
78
58
57
51
42
36
30
37
46
58
57
50
44
42
39
33
30
31
32
31
37
46
55
57
52
45
41
38
35
29
24
20
14
7
2
0
0
5
9
13
17
32
54
78
82
66
39
21
14
11
8
11
24
43
60
70
75
78
81
88
95
99
100
100
99
98
97
97
93
87
72
54
39
40
58
80
94
98
95
92
91
92
85
71
55
50
46
37
22
12
9
10
10
11
7
8
19
41
63
74
77
76
82
84
82
75
68
64
63
56
45
32
35
47
58
68
76
85
88
87
88
91
94
92
88
80
73
65
67
70
74
68
61
73
63
50
39
31
27
23
20
11
12
12
23
32
46
49
50
53
68
77
77
68
72
72
78
82
86
87
89
92
96
98
99
97
80
72
65
57
46
37
29
21
10
3
1
6
19
39
57
60
53
44
53
52
57
52
66
76
85
84
85
89
90
89
84
84
83
82
71
49
31
26
37
54
73
87
94
95
96
98
98
97
94
91
91
82
63
33
14
13
23
37
42
47
49
49
44
32
21
10
10
5
2
4
6
9
13
18
23
21
24
35
60
79
91
91
91
91
80
59
30
19
45
58
64
53
41
23
20
19
24
27
32
35
30
24
20
20
21
26
32
30
23
12
11
20
43
68
89
93
87
78
71
74
80
89
90
87
82
85
89
91
86
80
71
62
57
55
57
58
57
58
61
66
71
79
86
94
94
85
73
64
64
63
62
59
63
68
68
62
56
47
34
23
20
20
31
46
64
77
81
81
85
82
64
40
19
8
3
4
13
16
16
13
10
16
34
64
79
83
72
76
79
85
81
75
58
40
24
21
28
46
49
40
35
34
40
40
33
22
17
16
31
42
58
70
82
88
90
86
82
69
51
26
8
0
1
5
14
26
32
33
31
32
33
35
40
56
73
89
96
95
89
81
79
77
77
78
84
93
88
69
39
20
10
6
2
0
3
12
21
23
14
13
23
47
64
76
77
81
80
80
84
88
90
86
79
66
59
51
46
42
29
21
14
19
25
34
29
24
11
4
0
0
0
0
2
3
6
8
13
14
19
20
30
40
47
50
51
56
63
71
82
90
91
86
80
77
70
62
46
21
19
31
50
54
52
47
49
54
63
72
78
81
83
90
94
92
80
70
59
60
63
78
78
75
60
59
60
66
66
63
57
52
46
38
29
24
20
14
9
15
36
64
84
90
86
78
75
75
81
84
86
82
75
61
53
48
55
63
61
49
35
20
13
8
11
19
38
53
54
46
41
36
28
14
6
6
12
18
23
39
60
83
93
95
89
85
81
83
87
93
95
96
93
84
64
39
26
27
32
39
39
36
27
17
8
8
7
21
41
78
74
55
38
30
31
31
31
25
18
12
19
30
41
45
41
33
23
19
18
25
32
34
38
39
42
47
48
43
31
35
41
57
61
68
72
75
70
63
59
52
40
21
16
29
57
77
83
73
57
41
33
27
19
11
4
1
0
11
22
33
22
15
13
26
31
32
31
37
42
42
34
35
49
71
81
79
72
74
71
71
63
61
55
52
51
55
57
55
49
42
39
42
61
81
95
99
96
88
69
49
29
12
5
5
8
9
8
6
9
27
39
50
64
80
92
98
99
97
92
86
78
73
70
69
73
82
83
85
82
87
89
92
88
81
68
54
40
29
27
40
58
74
76
77
72
62
49
38
32
26
22
15
9
4
1
0
0
1
11
23
40
42
42
32
34
28
29
30
42
48
50
36
21
10
14
23
45
61
68
72
80
87
94
93
86
76
67
58
40
23
17
26
36
45
50
66
76
89
93
95
92
91
87
82
81
84
82
73
67
63
58
46
24
13
9
18
29
47
64
74
69
58
44
34
36
50
70
81
73
47
20
4
0
0
0
1
6
15
27
38
49
60
63
66
68
76
77
69
52
38
32
34
36
33
27
24
22
17
20
33
56
70
75
76
66
48
26
10
5
6
9
7
5
5
3
14
36
63
81
89
82
74
59
56
60
76
87
92
82
61
35
24
29
45
48
41
28
26
33
50
57
60
48
40
31
30
32
35
36
32
25
19
14
9
14
26
41
46
45
43
39
34
20
13
24
37
51
44
36
32
38
45
57
74
80
78
64
57
54
57
49
41
38
40
44
48
53
56
59
62
66
71
78
87
95
100
100
100
92
81
69
67
64
58
44
40
33
23
19
27
45
64
80
87
88
84
78
68
62
53
45
35
28
21
17
14
8
4
1
0
2
11
24
35
37
31
25
24
18
9
4
2
4
9
13
22
32
48
58
61
67
76
87
95
98
99
99
99
99
90
79
58
49
48
62
76
85
90
93
96
97
98
98
93
81
64
51
40
29
19
15
22
30
30
23
10
13
19
33
36
44
49
45
51
62
71
78
72
66
56
50
38
31
30
33
36
33
24
12
7
6
7
11
18
31
35
41
49
72
81
79
61
51
42
36
29
22
15
9
5
9
20
42
62
80
89
95
98
97
92
85
82
84
91
95
95
91
90
92
92
89
85
90
93
92
86
74
64
53
55
66
77
73
56
32
20
12
12
7
5
9
17
21
22
24
30
28
28
19
19
24
33
42
48
48
36
32
40
68
82
82
65
61
59
59
54
53
55
52
51
41
37
19
20
27
48
58
60
59
63
74
80
84
83
86
90
91
93
89
83
74
62
48
25
11
7
20
28
35
28
26
21
24
24
22
16
12
12
10
15
19
29
40
54
68
74
75
80
86
90
91
90
91
88
83
77
73
69
67
58
39
20
6
3
4
7
7
6
5
5
5
6
12
20
33
42
57
68
81
85
87
91
92
87
77
71
68
64
62
67
73
71
61
50
40
31
20
17
21
31
42
44
41
30
19
16
16
18
12
9
9
17
25
35
41
47
53
61
66
71
73
78
80
77
65
52
43
36
29
27
30
42
48
53
48
47
44
36
23
11
5
7
10
16
22
30
35
26
26
28
51
60
64
55
57
60
67
71
74
66
44
22
15
20
32
36
47
57
66
72
78
82
81
80
80
82
86
87
76
61
54
58
78
92
99
99
96
93
80
76
63
55
58
58
66
67
79
76
68
52
36
35
35
40
45
54
55
51
44
40
42
50
52
47
35
21
8
7
14
34
57
78
88
91
88
88
87
89
94
96
84
59
34
24
30
37
40
42
50
54
55
58
65
78
83
77
56
33
17
13
18
25
25
22
16
14
11
19
36
57
59
47
28
17
9
6
9
12
23
34
49
50
52
43
40
27
23
18
18
14
11
6
10
19
31
31
32
37
49
50
52
58
72
81
88
90
88
83
77
70
65
67
76
72
65
45
47
52
68
68
45
32
35
49
73
85
90
88
88
82
73
65
69
78
74
52
30
22
30
38
48
53
59
60
61
62
66
68
71
71
68
60
53
38
28
19
16
14
13
9
6
2
5
14
29
34
38
46
65
85
97
93
83
69
61
55
54
54
57
58
57
58
67
77
77
69
54
48
42
34
21
19
22
29
29
30
38
37
32
15
10
10
20
26
27
22
18
11
13
24
49
70
85
90
90
80
70
63
61
61
52
47
55
62
69
68
64
60
60
67
63
62
52
41
29
26
29
32
29
24
18
12
5
7
18
36
51
56
51
39
33
32
48
60
74
80
79
72
62
48
33
23
17
13
6
2
2
5
12
16
17
14
10
10
16
22
30
44
68
85
92
87
81
76
72
65
61
62
70
85
95
88
66
44
44
61
80
79
65
48
38
39
51
61
68
63
53
30
15
9
13
15
10
4
0
4
11
21
20
19
19
26
37
47
61
76
85
90
89
91
91
93
89
83
72
63
45
27
14
10
13
12
14
15
23
34
51
68
70
56
29
10
0
3
11
21
24
22
15
17
22
36
46
63
73
74
74
76
80
83
82
81
81
87
89
90
92
84
76
57
54
50
58
62
53
58
65
77
85
86
80
76
79
81
74
58
46
49
65
71
60
32
14
11
26
36
44
35
29
26
28
28
28
27
24
18
12
7
5
5
3
2
1
1
2
4
6
5
3
3
6
11
13
11
18
37
65
75
71
62
70
83
88
73
48
31
30
43
52
59
61
67
69
65
59
56
60
68
71
75
77
82
76
59
37
18
9
4
3
6
13
25
52
65
71
70
66
65
66
71
78
88
89
77
51
35
34
54
77
90
91
87
86
89
94
98
98
92
81
73
69
71
66
67
71
83
94
100
100
95
83
67
53
46
38
30
27
25
27
26
20
10
5
4
7
7
10
13
21
25
23
15
9
5
6
7
9
8
13
23
41
55
65
73
84
93
99
100
100
100
100
96
88
70
49
30
24
26
28
25
21
19
18
20
29
45
55
54
48
53
68
83
80
61
30
13
8
11
9
11
14
22
27
35
46
58
71
73
67
57
56
56
52
41
33
28
23
25
30
37
47
57
65
57
41
32
34
39
33
21
15
