17.12981
11.51516
7.72882
4.02533
4.01442
5.74309
5.78559
4.44373
2.25168
0.12277
-2.04395
-4.2543
-6.66214
-8.54785
-9.8399
-11.10662
-11.79442
-11.21561
-10.13275
-11.94067
-14.9783
-19.1445
-21.76512
-22.63215
-19.53515
-16.20882
-9.84756
-7.00613
0.43287
2.1191
1.34799
0.06894
-0.67659
-1.69952
-2.29172
-3.63382
-5.10591
-6.87809
-8.08499
-8.92418
-9.49958
-10.23452
-10.23722
-10.22866
-8.24443
-6.19414
-6.08529
-7.79411
-3.62699
0.46067
1.32656
1.66719
-0.68761
-2.18692
-2.32568
-1.9024
-1.63072
-1.48286
-0.6766
-0.38179
0.2737
0.6397
1.17317
1.47325
2.26698
2.84037
3.83704
4.99494
5.5859
6.07698
5.89129
7.34465
6.02122
4.49964
2.77465
1.0567
-0.29259
-0.52977
-0.75312
-0.60995
-0.52998
-0.50792
-0.78463
-0.70635
-0.57807
-0.42391
-0.67122
-0.8679
-0.76616
-0.48783
-0.45312
-0.63918
-0.5129
-0.19443
-0.36249
-0.77417
-0.76251
-1.00473
-1.40748
-1.15966
-1.23311
-1.36449
-1.20656
-0.86991
-0.3826
0.31154
0.58377
0.85358
1.25182
1.5193
1.72529
1.27299
1.25868
1.22364
1.23429
1.06685
1.14287
1.49793
1.46828
1.23494
1.29996
1.14203
0.4191
0.12573
0.16298
-0.46721
-0.68353
-1.01622
-1.50728
-2.21364
-2.29467
-2.08986
-1.87704
-1.67931
-1.23745
-0.67458
0.27799
0.84918
1.17421
1.38787
1.79969
2.02483
1.93322
1.5325
1.54264
0.36514
0.2286
-0.066
-0.79095
-1.21843
-1.27446
-1.52503
-1.54145
-1.41144
-1.09484
-1.31164
-1.14356
-0.74871
-0.86291
-0.81551
-0.77073
-0.73818
-1.01357
-0.76423
-0.41376
-0.49413
-0.73771
-1.05067
-1.42026
-2.12292
-3.55791
-2.83663
-2.60681
-2.55018
-2.62067
-2.64279
-2.1375
-2.33595
-1.79092
-0.98568
-0.85734
0.21306
0.25025
0.46925
2.17276
3.37514
3.84519
4.51063
4.89389
4.73028
4.38439
4.28356
3.66339
2.74944
2.14888
1.048
0.77934
0.41727
0.3995
0.70855
0.99995
0.96156
1.25068
0.59947
0.26839
-0.34303
-0.54119
-0.67954
-0.84524
-0.78865
-1.03906
-0.85201
-0.54423
-0.20404
0.19533
0.4835
0.78388
1.13127
1.01837
0.74465
0.75005
0.69083
1.2052
0.96632
0.77184
0.46435
0.41235
0.11218
-0.09912
-0.07299
-0.08031
-0.11398
0.1729
0.45412
0.64005
0.84331
1.06975
0.70637
0.65807
0.50817
0.05684
-0.42547
-0.66368
-0.8901
-0.79977
0.19365
0.45772
0.8573
1.69693
1.54241
1.19543
1.28874
1.2665
1.01555
1.17752
0.71172
0.88668
0.70764
0.76479
0.13977
0.21136
-0.54568
-0.82978
-0.79675
-1.48329
-1.25839
-1.26872
-1.68312
-1.67168
-1.54078
-0.76896
-0.44677
-0.72507
-1.74633
-2.23599
-2.25017
-3.73404
-4.33612
-5.09563
-5.33576
-5.37698
-4.99968
-5.03009
-4.91509
-2.65741
-2.66061
-2.97122
-3.07314
-2.99747
-1.99961
-0.98406
-1.2309
-1.19098
-0.74209
-1.56621
-1.05623
-0.44127
0.30606
1.34457
1.60209
1.45013
1.84612
2.6812
3.23735
4.02444
5.32957
6.14485
6.38334
5.71619
4.30424
3.95849
3.3709
2.48034
1.81629
1.08845
0.98607
0.72932
0.19432
0.50719
0.47713
-0.31613
-0.6034
-0.37493
-0.49953
-0.6189
-0.31958
-0.48935
-0.18407
0.15168
0.5166
0.82721
0.99901
1.01087
0.98337
1.14339
0.26001
-0.53716
-1.15872
-1.24122
-1.12302
-0.80071
-0.72446
-0.17241
-0.16894
-0.89509
-1.59353
-1.64072
-1.75069
-2.27261
-2.60023
-1.99831
-1.37764
-0.38943
-0.81438
-1.67234
-1.81523
-2.22667
-2.42784
-2.8956
-2.60807
-1.3129
-0.12643
0.73168
1.91008
0.86067
-0.15209
0.21238
0.11826
-0.51966
-0.84044
-1.32783
-1.10275
-1.48278
-1.40546
-0.14216
0.47064
0.83399
0.85579
1.68601
2.30509
2.72483
2.79796
1.9695
1.96912
2.07527
2.14604
1.88847
1.10232
0.09883
-0.74491
-0.50529
0.01905
0.60725
0.85678
1.432
2.12564
2.75184
2.7974
2.69697
2.53422
3.05897
2.2239
2.59703
2.6367
2.75782
2.70696
2.41586
2.27253
1.93135
1.78698
1.07132
0.18528
0.14764
-0.28113
-0.24168
-0.12033
-0.54014
-1.12786
-1.32539
-1.42313
-1.60601
-2.2523
-2.46995
-2.43214
-2.16302
-1.49614
-1.49132
-1.52738
-1.33072
-1.15843
-1.05888
-0.97991
-1.00824
-0.82338
-0.50527
-0.21116
-0.28926
-0.24474
-0.41564
-0.20409
0.08934
0.15571
0.02197
0.25362
-0.22379
-0.87487
-1.19018
-1.50519
-1.31099
-1.14981
-0.97301
0.065
0.82519
0.95502
1.00799
0.78824
0.2784
0.28247
-0.21547
-0.20102
-0.08274
0.03783
0.63338
0.37492
-0.21
0.07605
0.14888
0.18114
0.85924
1.3917
1.68094
2.18867
2.4802
2.36404
1.61082
1.23831
0.77295
0.2996
0.07482
0.06907
0.10473
-0.00163
-0.0425
-0.12805
-0.39692
-0.89405
-0.73744
-0.7025
-1.05962
-1.01949
-0.90134
-0.76384
-0.57981
-0.72661
-0.95021
-1.27461
-0.83956
0.04348
0.62289
0.97503
0.58203
0.35821
0.42616
0.09996
-0.13591
-0.95708
-1.01765
-0.9577
-0.86692
-0.74555
-0.45859
-0.02464
0.36047
0.10796
0.65152
1.17891
0.9649
0.28143
-0.72074
-0.94512
-1.07184
-0.96707
-1.24773
-1.18765
-1.03134
-1.46177
-1.1059
-1.03751
-1.07668
-1.71127
-1.7925
-1.66497
-1.5423
-1.61678
-1.715
-1.59422
-1.64846
-1.73065
-1.85557
-1.53539
-0.42832
0.08391
1.35811
1.9984
2.35372
2.40484
2.99146
2.4203
2.08507
1.80007
2.49522
3.27013
3.37722
3.29234
2.9181
2.34358
0.9266
0.18573
0.13085
-0.19907
-0.93963
-0.33959
-0.97415
-0.72252
-0.9567
-0.27748
1.30655
2.10499
2.19891
2.13586
1.94053
2.3667
2.33343
2.68367
2.42816
1.97312
1.37898
0.65439
-0.00702
-0.45497
-1.01363
-0.87913
-0.44784
-0.44775
-0.22875
0.40301
0.40195
0.51321
1.10106
1.28201
1.20989
0.84655
1.13261
0.8873
0.38702
0.51467
0.17982
0.92555
0.78811
0.74131
0.93336
0.23921
0.81151
1.15319
2.18813
2.57206
2.43057
3.17165
3.23292
3.43629
3.10247
3.68087
3.23498
3.23498
2.47573
1.90778
1.84157
1.55548
1.35708
0.88611
1.18024
1.76543
1.65953
1.5639
1.22703
1.30368
0.94093
-0.23032
0.1289
0.22531
-0.51889
-0.29103
0.54531
0.74809
0.3635
-0.40639
-1.60854
-2.81123
-3.25913
-3.98006
-5.02694
-5.61889
-6.81104
-7.5263
-7.99953
-8.09487
-8.77506
-7.45104
-6.63698
-4.01055
-2.09365
-0.52861
-1.60024
-2.34243
-2.81848
-4.13234
-5.21554
-5.92724
-6.17877
-6.17618
-6.80701
-6.95584
-6.42565
-5.86769
-5.95144
-4.6297
-4.96505
-5.99844
-5.0226
-3.38818
1.97486
2.74696
2.88379
2.84634
2.66011
1.34606
-0.88415
-0.41375
0.29081
0.97051
2.19823
2.95082
3.87498
4.12432
4.36992
3.99364
2.73365
2.64762
2.72083
1.37251
1.23706
1.52663
2.69044
3.20848
3.60916
3.51405
3.47743
3.02483
2.02807
1.45912
0.61963
-0.14633
-0.72257
-1.42493
-1.52915
-2.59723
-2.27423
-2.26065
-2.03539
-1.65323
-1.03564
-0.63761
-0.22598
0.27252
0.72458
1.16754
2.01952
2.36797
2.56824
2.71742
2.58339
2.33425
2.13534
2.3574
1.84856
1.92244
1.6289
1.57777
1.06186
1.51108
1.22662
0.61534
0.86187
0.42223
0.2524
-0.26234
-0.51897
-0.23086
-0.01267
0.43513
1.164
1.47348
1.20113
0.93878
0.81258
0.66258
0.53967
-0.08156
-0.37484
-0.8334
-0.56988
-0.25993
-0.31788
-0.51098
-0.90458
-0.87637
-0.78868
-0.525
-0.44428
0.01805
-0.04876
0.34745
0.75517
0.99569
1.05491
1.35095
1.35432
1.02467
1.08304
0.67294
-0.39453
-0.57718
-0.66259
-0.96205
-0.87845
-1.03807
-0.56818
-0.71518
-0.11851
-0.0923
-0.07571
-0.07621
-0.16491
-0.11245
0.44915
0.64105
0.71455
0.7338
0.71637
0.65064
1.02404
1.00202
0.72551
0.4977
0.70583
0.20997
-0.10195
-0.09356
-0.53128
-0.39413
-0.25839
0.06597
-0.30407
-0.88537
-1.61759
-2.00201
-2.6322
-2.14155
-1.86817
-1.71247
-1.80504
-0.84742
-0.43707
0.18172
0.57065
0.40995
0.03055
-0.3194
-0.36901
-0.99658
-1.21992
-1.34157
-1.58621
-1.753
-1.25996
-1.15469
-1.02084
-0.8575
-0.88199
-0.92629
-1.14223
-0.99926
-0.83107
-0.61508
-0.06112
0.35164
0.69388
1.09325
0.78491
1.14153
1.47361
1.35884
1.15701
1.14388
1.5383
1.68899
1.74925
1.28951
0.48617
1.32355
1.97056
2.72159
2.7908
3.21091
3.36723
3.36478
3.11699
2.8671
2.74792
2.30769
1.48007
0.87873
0.76838
0.5233
0.21059
-0.62988
-1.20276
-2.72855
-2.64777
-1.24332
-0.80478
-0.6095
-0.35233
-0.19961
-0.2743
-0.00191
-0.20035
-0.4471
-0.29083
-0.54726
-0.40129
-0.18618
-0.16336
-0.01864
0.2264
0.19351
0.83055
0.77334
0.92972
0.7039
0.7051
0.24623
0.50979
0.35291
0.40744
0.92471
0.55742
0.71733
0.45672
-0.0187
-0.33898
-0.30825
-0.10383
0.05319
-0.087
-0.06214
0.01992
-0.01725
-0.05833
-0.07173
-0.04004
0.15229
0.17744
0.23975
-0.04894
-0.4827
-1.10521
-0.85856
-0.68561
-0.55595
-0.26489
-0.46473
-0.72991
-0.56977
-1.01371
-0.93942
-1.1755
-1.14746
-1.01012
-0.35767
0.54926
0.91964
2.1161
2.23153
2.63687
3.07169
2.91584
2.7977
2.1296
1.06482
0.49232
0.10023
-0.49367
-1.02884
-2.03813
-2.11558
-2.00829
-2.89993
-3.56013
-4.49436
-5.65105
-5.18732
-4.28037
-4.10498
-3.5082
-3.07756
-2.37033
-1.97534
-1.44515
-1.06721
-0.81197
-0.95524
-1.08314
-0.91491
-0.11916
0.75255
0.95168
1.03661
0.95834
0.75035
1.4312
1.37544
1.02981
1.2219
1.70058
1.23758
0.52768
0.15974
0.43117
0.57181
0.906
1.29292
1.1573
1.07052
0.77072
0.42577
0.20842
0.16248
0.02499
-0.06215
-0.0046
0.50601
0.45998
1.00168
1.23344
0.84091
0.90262
0.46572
-0.10759
-0.09292
0.05785
0.32598
0.70699
0.80939
1.07317
1.1613
1.02508
0.44472
0.48074
0.23623
-0.09764
-0.07696
-0.35813
-0.25817
-0.35001
-0.13101
0.30927
-0.2573
-0.09139
-0.05554
-0.12171
-0.17302
-0.05943
-0.32641
-0.1543
-0.19023
-0.33677
-0.05696
0.18403
0.45578
0.89707
1.07469
0.84144
0.68674
0.22743
0.6215
0.35551
0.31479
0.71517
0.96588
1.55936
2.05276
1.93343
1.71015
1.32444
0.85041
0.73059
-0.58476
-0.99723
-1.89554
-1.61139
-1.20125
-1.25643
-0.69958
-0.15414
0.46798
0.56658
0.10832
-0.25799
-0.04417
-0.14033
0.18201
0.57405
0.36877
0.31274
0.66581
0.47227
1.00324
0.89717
0.70045
0.19704
-0.17066
0.13168
0.64309
0.85128
1.44298
1.04173
1.0953
1.63862
1.08297
1.07564
0.38213
-0.56453
-1.06386
-1.22692
-1.32327
-1.35858
-1.5591
-1.6548
-1.96795
-1.78203
-1.03704
-0.84837
-0.65962
-0.61292
-0.64644
-1.0619
-1.25498
-2.07888
-2.21081
-2.0497
-2.2622
-2.12561
-1.90966
-1.79652
-1.05133
-1.36332
-0.95902
-0.75915
-0.44745
0.0135
0.67304
0.75829
0.4992
0.64322
1.06479
1.0308
1.04086
1.6624
2.1332
2.76767
2.49797
2.34558
1.37291
1.05187
0.19355
-0.69809
-1.66945
-1.26485
-0.73921
0.03177
0.30944
0.49577
0.66558
1.00237
0.90374
0.6106
0.02912
-0.71532
-0.85296
-0.59605
-0.15556
0.58044
1.23506
1.25206
1.69309
1.9742
2.02489
2.45419
2.9499
2.8063
1.99454
1.16578
-0.40343
-1.13692
-1.34162
-1.90511
-2.78206
-3.24405
-3.8809
-4.4488
-4.97208
-5.39557
-5.61703
-6.37297
-7.24361
-8.08308
-8.66556
-9.21545
-9.07408
-7.63984
-4.90664
1.93329
2.36463
3.33504
3.92204
3.86035
3.95403
4.11007
3.97749
4.04707
3.73125
4.3674
4.2456
4.67007
5.43694
5.3789
3.21564
0.94821
0.70364
0.26547
0.21326
0.34421
0.29611
0.3097
0.2608
0.85558
1.02345
1.02364
0.92291
1.14303
1.16835
1.36438
1.09111
0.78115
0.5672
0.00666
-0.4979
-0.72565
-1.42074
-0.88029
-1.03942
-0.53927
-0.94663
-0.32208
-0.6543
-0.64351
-0.82183
-0.97365
-0.42695
0.36492
0.46788
0.36037
0.43242
0.2727
0.35835
0.13114
-0.38003
-0.65397
-0.63217
-0.08446
0.75272
1.4693
1.23487
1.43305
0.1831
-1.59678
-2.1846
-1.43942
-0.64043
-0.28796
0.16965
0.50932
0.72546
1.00221
1.23012
1.44123
2.17235
2.34911
2.71257
2.94019
2.63667
1.92898
1.05249
-0.11477
-0.62044
-0.95413
-1.89119
-1.81192
-2.14062
-2.36178
-2.1866
-2.79073
-2.86574
-2.77344
-2.3387
-2.83051
-2.81528
-2.96122
-3.54508
-3.6551
-4.05037
-3.04008
-2.33016
-2.06603
-1.3229
-1.66604
-1.55182
-1.24072
-1.37049
-0.77186
-0.4397
0.65654
1.14865
0.12905
0.71007
1.18343
1.67629
2.23499
3.4282
4.0962
4.21885
3.89352
2.82472
1.80552
0.12199
-0.25851
-0.38908
-0.40209
-0.32902
-0.42002
0.40854
0.40026
1.25521
1.376
1.36459
0.65134
0.62203
1.0279
1.7256
2.31309
2.24227
2.97136
3.66769
4.16739
4.4798
4.58239
4.37831
4.17481
3.41649
1.68092
1.45858
1.14904
0.9504
1.6142
1.77371
1.48859
1.05757
1.16132
0.54766
0.21799
-0.07009
-0.24396
-1.32093
-1.98809
-2.54631
-2.60476
-2.88816
-3.03779
-2.64719
-2.2509
-1.9607
-1.11855
-0.34631
1.08225
1.60976
2.31813
1.97415
2.12657
1.8436
2.73011
2.47248
1.92781
2.14861
2.90928
3.3362
3.32185
3.76737
3.69958
2.93401
1.53992
-0.01693
-0.88314
-1.38959
-0.87567
-1.73454
-2.15484
-1.75846
-0.71366
-0.56083
-0.93013
-1.39089
-1.70685
-1.47952
-1.71826
-2.57657
-2.71869
-2.81865
-2.33604
-2.09354
-1.55222
-2.05423
-2.46987
-3.06862
-3.49101
-3.3427
-3.20518
-1.76763
-1.27964
-0.69752
-0.38061
0.81018
1.41094
1.53221
1.38215
1.85599
1.4477
1.20019
0.64361
-0.00664
0.21161
0.58247
-0.36105
-0.17417
0.18026
-0.33806
-0.68777
-1.04628
-0.98327
-1.05285
-1.3675
-1.71182
-2.12122
-2.35656
-2.0375
-1.97146
-2.41856
-1.21312
-0.84065
-0.10202
0.35936
1.17569
1.32583
1.22142
1.12761
1.47233
1.37195
1.18611
2.10628
2.47837
2.88716
3.63906
3.80764
3.26327
3.16147
3.09714
3.07893
3.30999
3.4928
3.0863
2.19354
1.9345
1.64709
1.45274
1.1612
0.75257
1.2135
2.0079
2.01678
1.45726
-0.08031
0.07109
-0.40546
-2.08228
-4.25302
-5.86444
-7.07497
-5.63144
-4.98723
-4.36899
-3.5566
-2.40627
-2.47536
-3.04715
-2.95897
-1.99394
-1.80854
-1.54336
-1.11517
-1.17461
-1.49389
-1.49257
-1.29075
-1.50406
-1.84628
-1.86148
-1.91362
-1.99357
-2.11817
-2.31074
-1.89081
-1.75882
-0.93343
0.00656
1.13526
1.27672
1.00355
0.9948
0.92979
0.96529
0.90708
0.91133
0.45809
-0.22022
-0.23258
-0.36806
-0.32296
-0.50391
-0.57911
-0.70215
-0.73453
-1.01006
-1.24993
-0.41056
0.22182
0.72833
1.372
1.54199
1.85547
1.7884
2.28471
3.18678
2.59201
1.72715
0.31569
-2.02858
-2.41053
-3.27151
-3.18234
-2.40145
-2.49162
-2.72647
-2.28268
-1.93839
-2.1473
-2.21021
-2.29729
-2.01632
-1.94177
-1.52174
-1.49674
-1.53639
-1.3389
-1.55885
-1.98228
-1.04604
-1.28116
-1.59652
-0.16733
-0.60991
0.14158
0.55109
0.61674
0.35518
0.90233
0.48921
-0.60357
-0.65121
0.15586
1.23856
1.65285
2.24328
3.62866
4.48934
5.4825
6.5082
5.95216
5.64078
4.74925
3.0782
2.55999
2.40916
2.4586
2.03162
0.97511
1.19978
1.72237
1.91628
1.67968
1.18924
0.34094
-0.18849
-0.36732
-0.28812
-0.25322
0.0696
0.19593
0.59733
0.59133
1.36059
1.45251
1.95509
1.71399
1.53495
1.57776
1.79214
2.43166
2.95088
2.38221
1.9363
-0.12699
-1.26231
-2.79053
-2.97002
-3.73759
-2.44352
-2.89135
-4.04756
-4.47666
-2.92624
-2.02902
-3.23696
-3.41333
-3.12207
-2.07051
-1.63612
-2.09789
-2.27935
-3.04906
-2.81215
-3.64537
-5.08914
-7.33804
-9.20536
-8.0945
-6.42999
-3.44203
-2.26734
-2.66481
-2.22113
-2.58634
-2.2057
-1.98865
-2.27788
-2.28872
-1.44633
-0.57685
-0.60351
0.09366
0.41687
1.9215
3.33677
3.46822
4.2856
2.70416
1.76785
0.37996
-0.23441
0.54193
0.67033
1.55081
2.9227
3.81217
3.66453
4.43391
4.75174
2.97596
1.30109
3.18084
3.63515
4.09721
3.78494
3.16061
1.77234
0.53298
-0.4096
-0.50776
-0.59614
-0.74851
-0.9325
-0.7124
-0.76437
-1.06742
-0.768
-0.81815
-0.70435
-0.46339
-0.6532
0.22501
0.57283
0.8709
1.67763
2.0098
2.68416
2.64501
2.29147
2.14572
2.04889
2.91106
3.4065
3.81503
3.52878
3.07792
2.83754
2.85916
2.5572
1.41263
-0.46225
-1.30424
-1.75305
-1.5316
-2.38859
-2.00842
-2.30656
-2.14199
-2.29581
-0.46561
3.65803
7.63745
8.87276
9.38035
9.30533
10.13417
5.77585
4.49043
4.28979
4.20187
4.97274
5.13856
4.69495
4.78298
5.11801
5.32739
5.54106
5.54106
4.77541
3.79405
3.93378
2.51987
0.91767
-0.63987
0.09551
0.91567
2.43185
3.17766
3.34552
3.36649
2.97872
2.00041
2.58411
2.41642
-0.74922
-6.67314
-13.89259
-16.30072
-19.70518
-19.85525
-18.48512
-16.24837
-12.15626
0.26213
0.56925
1.64757
0.84603
1.04469
-0.31041
-1.6346
-2.59622
-3.44454
-5.00663
-5.72094
-6.53724
-6.07629
-5.26898
-5.22048
-5.28585
-3.81541
-3.80443
-3.68394
-3.24719
-4.12875
-3.9636
-4.40281
-3.91123
-3.29273
-3.18369
-3.29538
-3.42547
-3.32129
-3.1496
-3.17218
-3.42139
-3.89112
-3.92736
-3.60647
-3.48816
-4.02608
-4.187
-3.58572
-2.72786
-1.54135
0.21193
1.37775
2.59473
4.36093
4.744
4.76557
5.46202
6.18947
7.17326
7.72545
7.2636
6.37273
6.01404
3.47949
3.77176
3.13848
2.56639
0.61465
0.77646
0.31888
0.6286
-0.06924
-0.29409
-0.45643
-0.50151
-0.43525
-0.94671
-1.42255
-0.74098
0.00456
0.98528
0.45713
0.41011
0.75959
1.30665
1.92231
2.93177
3.16144
3.24593
3.35778
3.35992
3.45974
2.74883
2.5985
1.46918
1.29896
0.78939
0.57351
0.31394
0.11027
-0.13874
-0.0041
-0.08779
-0.23077
-0.04942
0.02142
0.26829
-0.3456
-0.4579
-0.79579
-0.80118
-1.06301
-0.91447
-0.66059
-0.32004
0.1056
0.22361
0.45191
1.14813
1.60477
1.70422
1.87764
1.51933
0.03381
0.31308
0.99791
0.76903
1.14124
1.6292
2.24708
2.2651
2.06553
2.71465
2.95031
3.61611
3.40715
3.25659
2.97066
1.88241
0.60557
-0.46242
-1.16865
-1.9305
-2.08015
-3.47759
-4.41154
-4.74621
-3.05626
-2.86155
-2.22241
-1.86013
-0.32778
-1.49863
-1.55261
-2.22851
-2.42153
-2.59974
-2.95186
-3.00246
-2.93284
-2.8928
-2.35804
-1.81223
-0.46968
0.43386
0.68192
0.64901
0.41741
0.88786
1.5028
2.24256
3.05216
3.14407
2.66495
2.35627
0.57913
0.65398
0.29046
-0.26114
-0.2507
0.08364
0.70217
1.41466
1.01357
0.95905
-0.06302
0.0162
0.27054
-0.07833
-0.64673
-0.40218
-0.30682
-0.45895
-0.17977
-0.51019
-0.39601
-0.39601
-0.61725
-0.27353
-0.45423
-0.77023
-1.05332
-1.47562
-1.53098
-1.13685
-0.49481
-0.55305
-0.15727
0.85269
1.36376
2.49978
3.52363
2.85837
1.13365
-0.20034
-1.06405
-2.44924
-3.14926
-4.16284
-5.26862
-5.428
-6.34192
-7.44831
-8.50448
-8.91119
-7.97319
-7.86535
-9.95902
-10.96072
-16.34546
-18.20682
-13.536
-12.54389
-12.46227
-11.84937
-8.70371
-6.40495
-3.28865
0.6449
6.49997
7.21829
10.09419
6.72036
4.27512
2.11488
1.63506
2.07967
2.85513
3.50087
5.71661
8.92958
9.03668
8.58704
9.13194
9.31055
6.91535
6.74258
7.55903
8.58623
6.12399
5.97413
5.0563
4.56211
5.03907
5.6167
4.18679
2.1721
1.44145
1.0001
0.41571
0.0629
0.03422
-0.24182
0.10516
0.30858
0.41911
0.65629
0.71169
0.88504
1.06576
1.08138
0.89829
0.70553
0.45933
0.40186
0.10518
0.11497
0.05439
0.08843
-0.1863
-0.25529
-0.22106
0.13494
0.24065
0.23916
0.3163
-0.26542
-0.64199
-0.83371
-0.91454
-1.01009
-1.15401
-1.16308
-1.04192
-0.76807
-0.35835
-0.27914
-0.22531
-0.11562
-0.18139
-0.11479
0.00414
0.09436
0.84792
1.29608
0.96185
0.87153
0.61983
0.18976
0.62793
-0.1043
-0.08381
0.54083
0.788
0.75826
0.86228
1.11265
1.46486
1.75373
2.52029
2.25973
1.35187
0.57875
0.23579
-0.00099
-0.04773
-0.14369
-0.06599
0.03535
-0.07099
-0.10497
-0.16647
-0.25996
-0.45533
-0.78044
-0.82953
-0.88081
-0.83452
-0.63965
-0.39443
0.27793
0.76228
0.95886
1.14044
0.99225
0.71909
0.53989
0.52618
0.62664
0.09071
0.12978
-0.63128
-1.81334
-2.01137
-2.23573
-2.24813
-2.1279
-1.81631
-1.43573
-1.59555
-1.79486
-2.35618
-3.10983
-3.05982
-3.78017
-4.17644
-3.78279
-2.99144
-1.97166
-1.25343
-0.69676
-0.44899
-0.83805
-1.39548
-1.69931
-1.68012
-1.35678
-1.19235
-0.9067
-0.47911
0.22384
0.84745
1.54765
2.30321
2.517
2.97697
3.24241
4.10757
5.07472
5.02391
3.96214
2.42289
0.01041
-0.53032
-0.71122
-0.71359
-0.96199
-1.23855
-1.54448
-1.07386
-1.0627
-0.92415
-0.34522
-0.23139
-0.05785
0.15053
0.34901
0.51157
1.10341
1.27358
1.52443
1.98947
2.67939
2.92824
2.83712
2.67974
1.95375
1.58468
1.60755
1.761
1.55802
1.03265
0.61269
0.16562
0.17665
0.14749
-0.07365
0.27439
0.91037
1.17806
1.65238
1.40192
1.87421
1.96879
1.85666
2.01968
2.03361
2.01736
2.2468
2.47859
2.45232
2.46236
2.43457
2.48089
2.40606
2.02087
1.07965
0.91556
0.27821
0.163
-0.20191
-0.45696
-1.3264
-2.39067
-2.76756
-3.24575
-3.75379
-3.75379
-4.13623
-3.60881
-2.5917
-1.11557
-0.47081
-0.6539
-1.03823
-1.0928
-1.16639
-0.14061
0.40463
0.56981
0.32128
0.54858
0.49873
0.46392
0.32584
0.04724
-0.41272
-0.25695
0.02667
0.00081
-0.20582
-0.00671
0.21444
0.17937
0.12037
0.04986
-0.09519
-0.37671
-0.17127
-0.35783
-0.73559
-0.41202
-1.17793
-1.47775
-0.91602
-0.57969
-0.13408
-0.08368
-0.00671
-0.40214
-0.14675
0.10906
0.54522
0.06414
-0.22325
0.15187
0.13199
0.07117
0.56152
0.37338
0.22017
-0.26023
-0.71291
-1.0329
-1.01553
-0.7679
-0.53754
-0.1266
-0.28098
-0.27357
-0.26015
0.06415
0.24549
-0.57982
-0.49984
-0.25281
-0.41261
-0.84793
-1.03627
-1.17447
-1.4783
-1.33492
-1.2173
-1.07401
-0.80436
-0.51229
-0.03871
0.18406
0.04094
0.13465
0.39536
0.24864
0.30234
-0.05162
0.14562
0.03471
0.10376
0.22521
0.46169
0.75785
1.11304
0.51808
0.73075
0.78957
1.0839
1.46118
2.26149
2.47059
3.67792
4.3814
5.34691
5.74132
6.53464
7.1044
6.47905
4.73882
3.07804
-0.00103
-0.73586
-1.28362
-2.40684
-2.80087
-2.97749
-3.56142
-1.86788
-1.24681
-1.48926
-1.67842
-1.74669
-1.75586
-2.09683
-1.66957
-1.92751
-2.01008
-1.5075
-1.5075
-1.2746
-0.51274
0.02349
0.25489
0.7443
0.99442
0.44717
-0.10518
-0.30962
-0.39866
-0.36731
-0.42347
-0.4872
-0.26678
-0.14634
-0.10484
-0.33581
0.15778
0.30381
0.49447
0.38025
0.00467
-0.30708
-0.29739
-0.27587
-0.03462
0.07794
0.48452
1.21918
1.20695
1.51911
2.0307
1.50391
1.79311
2.11546
1.58177
1.73966
1.09375
1.15695
0.65074
0.22116
0.07753
-0.28541
-0.49239
-1.00583
-1.59361
-1.80875
-2.03712
-1.90752
-2.44687
-2.96848
-3.48438
-3.91962
-4.71538
-5.84692
-6.19778
-6.27135
-5.58015
-4.02064
-1.45011
1.18692
2.65216
4.97422
6.41396
6.44483
5.95497
5.30749
4.454
2.90343
1.95883
1.65162
1.37393
1.13389
1.66932
1.45165
1.46656
0.93978
1.19791
0.73413
0.97511
1.36285
1.14134
1.26841
1.08177
0.49015
0.26081
-0.28168
-0.52351
-0.43419
-0.5798
-0.31049
0.12565
0.55029
0.76664
0.99095
1.41561
1.84058
1.75677
1.91951
2.06093
2.24025
2.01495
2.18796
2.45751
1.99891
2.18019
1.48239
1.8463
1.54269
1.88403
1.41295
0.74983
-0.12291
-1.5894
-2.76555
-3.94791
-3.92931
-2.97884
-3.35208
-3.59607
-4.17758
-4.64165
-5.05713
-5.17815
-5.21297
-4.23891
-3.50632
-1.78069
-0.5209
-0.09941
-0.05667
-0.13516
-0.23777
-0.21807
-0.31118
-0.42356
-0.35678
-0.11212
-0.01267
-0.05079
-0.20334
-0.34041
-0.07981
-0.40519
0.20234
0.23001
0.24732
0.29838
0.14425
0.03333
0.49279
0.27109
0.60178
0.4774
0.23727
-0.16777
0.00011
0.06353
0.15838
0.06904
-0.51198
-0.7341
-1.23334
-1.60674
-1.90187
-2.02469
-1.76539
-1.69015
-1.15762
-0.50621
-0.0812
0.29302
0.64718
1.18572
0.67823
-0.32531
-1.82738
-3.38947
-4.31242
-5.47441
-5.81627
-5.77769
-5.7369
-4.90243
-2.85505
-2.639
-2.24836
-1.87801
-1.78896
-1.48281
-0.2627
0.17505
0.58246
0.93142
0.54407
0.20291
-0.32096
-1.12069
-0.58426
-0.2491
0.35243
1.06934
1.86172
1.80546
1.8627
2.2148
3.01351
3.14031
3.0137
1.83373
2.11512
2.46192
2.75943
3.24744
3.63188
2.91621
3.1824
3.20398
3.0405
2.49503
1.88044
1.71597
1.02973
0.69774
0.50321
1.05593
0.87269
0.60373
0.36377
0.15017
-0.05447
-0.47653
-0.30755
-0.51545
-0.6059
0.30512
0.20439
0.01809
-0.23443
-0.06643
-0.03286
0.09058
-0.09423
-0.02201
-0.22621
0.11283
-0.07198
0.07401
0.38805
0.5878
0.91207
1.37918
1.04609
0.72076
0.54061
0.21517
-0.40954
0.04169
-0.22473
-0.13596
-0.4867
-0.77319
-0.59277
-0.30956
0.16269
-0.27495
-0.49854
-0.53833
-1.19668
-1.36935
-1.68921
-2.07836
-2.08926
-2.00552
-1.81792
-2.21285
-2.7064
-3.18659
-2.99406
-2.97776
-3.60003
-3.91394
-3.69112
-3.48615
-1.51691
0.0372
1.36075
1.9992
1.89047
1.72603
1.49333
0.62764
-0.06029
-0.87318
-0.99294
-0.7178
-0.85552
-0.76115
-0.47932
-0.33205
-0.00622
0.06691
0.27448
1.04797
2.93967
2.79942
4.5956
2.78533
1.48816
1.04677
1.41031
1.92574
2.05292
2.32068
2.57381
2.72365
2.71068
2.97702
3.26525
4.08096
4.35834
5.24791
5.32373
5.1566
3.92043
2.79219
0.80437
-0.91713
-2.56666
-2.54145
-3.10679
-3.15141
-3.10592
-3.48173
-3.33868
-2.91169
-2.16101
-1.89279
-1.77861
-1.69441
-1.90693
-1.60581
-1.47981
-1.77603
-2.62022
-3.84177
-3.67883
-3.16733
-1.39224
-1.01898
-0.74199
-0.98304
-1.55459
-1.61138
-1.88634
-1.861
-2.17597
-2.46245
-2.68338
-3.65565
-3.10964
-2.36318
-2.17114
-2.10433
-2.00641
-2.20867
-1.44767
-0.82809
0.01461
0.28627
0.47018
1.12641
1.86168
2.66982
2.51523
1.94692
1.74554
2.31031
3.23996
3.84751
4.99665
5.26478
6.34997
6.64197
6.43706
6.24428
6.11039
5.64619
4.85857
3.86535
3.15599
1.63499
0.97507
0.1784
-0.60373
-1.18108
-1.60164
-1.54061
-1.26422
-1.30137
0.95322
0.97835
1.01136
1.15945
1.12927
1.26755
1.39106
1.46838
1.61882
1.4468
1.16502
1.28668
1.28668
1.17166
0.75227
1.02459
1.43723
2.10235
2.10833
2.1822
2.26506
2.05884
2.02678
1.87547
1.24849
0.83821
1.37429
1.01047
1.36035
1.10466
1.22788
1.31156
1.004
0.58943
-0.60714
-1.51557
-3.52874
-5.0259
-6.46177
-7.3136
-8.58952
-7.54658
-6.27433
-5.55765
-3.93489
-0.4349
-0.39191
-0.47323
-0.56777
-0.656
-0.89047
-0.92942
-1.03043
-1.10212
-1.02295
-0.76462
-0.70398
-0.50839
-0.05532
0.00177
0.15456
0.06517
0.31017
1.42906
1.49937
1.47851
1.72908
1.67953
1.01124
0.65599
0.46738
0.16083
0.08519
-0.07127
-0.29645
-0.60963
-0.68266
-0.5226
-0.51244
-0.54464
-0.32062
-0.59477
-0.22821
-0.44492
-0.11255
0.22815
0.14165
-0.11502
-0.26569
-0.09818
-0.37269
-0.2414
-1.12458
-0.88859
-0.85086
-0.57641
-0.74451
-0.9856
-0.89778
-1.3149
-1.69056
-1.87283
-1.78673
-1.24799
-0.25381
1.02348
0.6717
-0.3946
-0.81909
-1.3259
-1.55808
-1.8466
-1.76047
-1.35606
-0.31387
-0.45743
-0.20495
-0.66499
-1.41363
-2.15319
-3.12703
-3.17919
-2.61451
-2.48575
-1.27214
0.02417
0.38949
0.84538
2.78947
3.99569
3.73027
3.5973
1.9796
1.67963
1.70198
2.79985
4.47023
5.027
5.05343
4.56544
3.58571
3.61933
4.06004
3.39483
4.09001
4.87958
5.24729
4.63803
4.72832
3.70097
3.12974
2.5869
-0.96686
-0.86227
-0.58174
0.65154
0.96508
0.7545
0.90866
0.72341
0.31068
-0.47976
-0.99106
-2.54323
-2.49894
-3.55443
-4.13394
-4.75241
-4.0727
-4.30826
-4.55623
-4.92344
-5.69209
-4.55802
-3.15781
-2.69764
-1.13538
-0.34901
0.15081
1.5117
1.65106
1.99268
1.94104
1.6798
0.70578
0.26133
0.2922
-0.29371
0.09464
0.4375
0.87318
-1.89939
-2.27742
-2.61601
-3.14936
-3.55107
-4.53343
-5.23726
-5.0327
-6.14495
-7.48018
-7.08721
-7.03227
-6.21761
-6.16603
-6.78022
-7.9186
-7.28746
-8.47618
-9.55619
-12.22945
-14.30639
-14.79359
-16.30916
-17.12195
-11.23594
-8.98005
-5.33919
-1.83511
1.00048
3.18551
3.42038
8.62016
10.32801
10.58945
7.45175
2.70827
-1.32992
-0.7861
0.02536
-0.19649
1.18182
3.38827
5.14743
7.2622
9.20724
10.63434
11.04595
11.77182
12.06217
13.40711
12.9252
10.28831
8.95128
8.57688
7.49446
5.33151
3.79027
2.98196
1.13
0.53472
0.16211
-0.02575
-0.36076
0.21739
1.1841
1.76797
1.72748
1.39827
0.92784
0.70832
0.6159
0.51775
0.01364
-0.61108
-0.91657
-0.61575
-0.77022
-1.44343
-2.3161
-1.93447
-1.5406
-1.81567
-1.55721
-1.116
-1.2734
-0.74766
-0.09962
0.18274
0.29266
-0.33248
0.06111
0.00959
0.47426
0.59348
0.37728
-0.31368
-0.58174
-0.76531
-0.95358
-1.0722
-1.66527
-2.03388
0.37309
1.50153
1.88181
2.95627
4.01395
5.24919
5.40026
5.46896
6.3323
6.76251
5.96604
4.42356
3.62357
1.24019
0.93858
0.49164
1.19457
1.67005
2.58977
1.58624
0.49994
-1.47981
-2.38193
-5.00435
-7.20802
-6.74475
-7.84419
-8.00944
-5.8345
-6.21996
-3.35652
-2.16819
-0.03543
-0.23214
0.78507
1.21826
0.60686
0.76523
2.25984
2.08922
1.50357
1.61272
2.20377
2.39594
3.10132
3.62681
4.00263
4.15858
4.51946
4.43001
4.26618
2.97434
2.25845
1.40218
0.46735
-0.49531
-1.31079
-3.06185
-5.22574
-6.29932
-7.041
-7.62341
-7.0302
-4.44043
-1.91588
-0.9058
0.47192
1.07416
1.63127
1.818
1.59108
1.92748
3.27709
3.4157
3.27842
3.24204
4.28854
5.11018
5.71686
5.84844
7.20705
8.57791
8.74968
9.51971
8.65079
9.37125
10.15289
9.95214
8.1359
4.94851
4.96059
8.0579
12.66998
16.00275
20.46249
25.15702
26.32552
26.33891
26.13116
24.97102
19.52379
13.39694
5.84592
1.69205
-1.86588
-7.12202
-14.34929
-27.00263
-22.03289
-19.39694
-14.67048
-6.15203
-7.98369
-6.82288
-7.95296
-11.21192
-15.39925
-20.15452
-22.95279
-23.12881
-25.62615
-21.0431
-16.35305
-6.38533
-5.42194
-5.46199
-5.41409
-3.9769
-3.5176
-3.73621
-2.48296
-1.53556
1.49496
1.96509
1.2866
1.2866
0.27957
0.1826
-0.71555
-1.8281
-1.5531
-0.7913
-0.43614
-0.26823
-0.48597
-1.36079
-1.14976
-1.8183
-1.20094
-1.1077
-0.92455
-1.26228
-0.78127
-0.55743
-1.21032
-1.34204
-1.07072
-1.2391
-1.40756
-0.89434
-0.1817
-0.95483
-1.58571
-1.32842
0.30588
1.66453
4.38249
5.45227
5.59982
4.86984
4.26804
2.74752
2.99919
3.83987
3.99035
4.74716
4.60371
4.42062
4.20175
4.91951
4.82193
3.98532
3.05942
3.05028
2.6999
2.02401
1.20012
0.84042
0.58283
0.49983
0.11024
0.91381
1.59717
1.71173
2.0496
2.94565
2.68275
2.16885
0.29767
-1.55176
-4.23972
-4.41642
-2.58716
-3.36708
-3.72827
-3.58314
-2.53275
-3.43435
-3.50032
-4.37149
-5.47733
-5.07909
-5.10447
-5.10447
-4.80285
-1.30293
-0.26178
0.47509
0.21637
0.21637
0.07206
-0.20467
-0.58755
-1.17223
-2.31261
-3.0511
-3.67732
-3.4046
-3.10349
-2.74591
-2.11129
-2.40996
-2.65306
-2.64426
-2.37425
-1.81234
-0.29421
1.15711
0.71748
0.60345
0.46238
0.80126
0.7592
0.72672
0.31791
0.15986
-0.47933
-0.91567
-1.20802
-0.74298
-0.66745
-0.53628
-0.53849
-1.06965
-0.95889
-1.05754
-0.89537
-1.12044
-1.9842
-2.10057
-1.86681
-1.79355
-0.91191
-0.5018
-0.06503
0.13713
0.515
0.3138
0.1645
-0.39743
-0.80641
-1.44786
-2.31285
-3.24924
-3.09892
-2.51558
-2.07034
-1.29213
-0.0553
0.38066
0.46257
0.40401
0.42065
1.35692
1.73534
2.29842
3.01351
4.5081
5.03401
5.12507
3.96796
2.77776
2.42257
1.79648
2.35344
2.44767
2.2136
2.30266
2.35201
1.82298
0.46319
-0.24646
-1.20081
-1.33696
-1.38251
-1.99162
-1.96621
-1.9816
-1.81852
-1.39162
-0.68776
-0.51222
-0.73321
0.05114
0.67746
1.38493
1.74508
1.77979
1.82088
1.81775
0.99279
0.98109
1.15757
1.21297
0.8369
0.21582
-0.00907
-0.80211
-1.75584
-2.00664
-2.39712
-2.98511
-3.74593
-3.71153
-4.00318
-3.42939
-3.31753
-3.04016
-3.90147
-4.30368
-5.31017
-5.01938
-4.81478
-4.50428
-4.08571
-3.58837
-3.02191
-2.52699
-2.1262
-1.70511
-0.68825
-0.64463
0.07986
-0.11089
0.70614
1.39168
1.63001
1.57696
1.89546
3.08958
3.20071
4.16928
5.20303
4.97234
3.71896
2.92071
2.74665
2.5347
1.03767
1.29626
0.68576
0.35684
0.80264
1.5016
2.23327
1.24851
1.25045
1.51481
2.2268
2.70192
3.82383
4.86083
4.80962
4.77585
4.54546
4.30096
2.23858
1.92823
1.27072
0.89719
1.07492
1.39214
1.08566
2.05389
1.56607
1.20261
0.8472
1.56558
1.4188
1.71092
2.189
1.86795
1.06426
0.8028
-0.05819
-0.71148
-1.55652
-1.6741
-1.46371
-1.76244
-1.37763
0.1142
2.22206
3.84224
3.86584
2.84632
2.60117
2.2987
2.12383
2.11779
2.46143
1.86851
1.37145
-0.22493
-0.45208
-1.41723
-2.43674
-2.01348
-0.90213
-1.09852
-2.40814
-3.35483
-3.95854
-4.04562
-2.16062
-2.23074
-1.31779
-0.45836
0.3384
1.07328
0.59882
-0.28858
-0.38836
-0.96808
-1.65551
-2.56266
-2.21039
-1.19818
0.37631
1.00417
1.43353
2.97224
4.05528
4.93379
4.59397
4.35154
4.04145
4.27326
3.9519
4.61251
4.7747
4.68607
3.31554
2.16862
0.26464
-0.64372
-2.61358
-3.87417
-3.65833
-2.16584
-1.74865
-2.64842
-3.18305
-3.62591
-5.17137
-5.17137
-5.3868
-5.14981
-3.1645
0.23146
1.2499
-0.01394
-0.43891
-1.33434
-2.28566
-2.47487
-2.47487
-2.00617
-2.54832
-3.18044
-2.97096
-2.836
-1.63749
-1.26449
-1.49184
-1.66536
-2.13213
-2.91935
-3.12241
-2.84529
-2.75297
-1.70704
-1.62054
-1.35445
-1.24017
-1.60557
-1.51895
-1.2998
-1.26513
-1.98884
-2.61424
-1.3077
-1.03991
0.12485
-0.10266
0.26391
0.57819
0.23144
-0.33955
-0.79984
-1.26638
-1.43084
-2.0735
-2.93208
-1.91376
-0.62738
0.46324
0.53714
0.2162
-0.49197
-1.70693
-2.68392
-2.71679
-3.24623
-3.89187
-3.86177
-3.8443
-3.14977
-2.64274
-2.10006
-1.81057
-1.39378
-2.24881
-1.73408
-0.99428
-0.34371
-0.18779
-0.16546
-0.20596
0.4706
0.90927
0.93562
0.86381
1.63948
2.77529
4.07707
3.20111
2.02135
1.86195
1.97867
1.27089
1.45122
0.13833
1.0339
0.69279
-0.05755
0.44146
1.15661
0.79786
0.22623
0.07841
0.09047
0.27546
0.13074
2.34835
3.02025
2.61339
1.69056
1.14381
0.64685
-0.38108
-1.25558
-1.60986
-2.02546
-1.18637
-0.96845
-0.54231
-0.43302
-0.33331
0.13209
0.43738
1.33368
2.53356
2.64996
3.82296
4.82374
4.71204
4.51918
3.63345
2.87111
2.25601
2.02039
2.36997
2.44269
2.56875
2.74767
3.16823
3.61303
3.05275
2.88255
1.73284
2.05191
2.00012
1.84794
1.67228
1.3588
0.65919
0.32334
0.09526
-0.27081
-0.28515
0.21376
0.78297
0.98727
0.19997
0.35099
-0.07839
-0.59348
-1.69633
-2.50923
-3.33427
-4.93459
-6.06714
-7.24752
-8.33708
-8.84807
-8.35135
-7.66359
-6.16644
-4.09091
-1.05873
-0.5746
0.00907
-0.90399
-0.63716
-1.35827
-1.0931
-1.01238
-1.03306
-1.0138
-0.01984
-0.58547
-0.42305
-1.46022
-1.79155
-0.80546
-0.22632
0.55694
1.59976
2.20775
1.92422
2.75042
3.70104
3.40031
3.68607
3.07712
2.51034
1.61473
0.99814
1.05701
-0.19014
-0.69435
-0.01
0.99377
1.65224
1.89647
2.27994
3.53445
3.14997
3.67594
3.17849
2.22311
1.8504
2.1464
2.05524
1.77437
1.80215
2.18397
1.75994
0.88869
0.48695
0.3062
-0.03206
-0.68387
-1.80191
-1.52621
-0.88922
-0.06042
0.02435
1.27597
1.88539
1.46214
1.24694
0.31739
-0.47842
-0.25162
0.27021
1.00338
2.07497
1.5213
-0.14924
-1.56355
-2.34147
-2.51385
-2.6553
-2.59221
-2.21772
-1.7435
-1.107
-0.77128
-0.15094
0.14424
0.72583
1.19657
1.11774
1.24111
1.17377
1.57493
1.33093
0.36678
-0.61108
-1.05938
-1.46304
-1.09815
-1.38801
-2.14224
-2.56113
-2.57048
-2.54588
-2.22397
-1.87005
-0.13043
0.71608
0.13377
0.05442
0.1226
-0.19026
-0.57535
-1.04417
-1.25318
-1.13562
-1.0817
-0.91395
-0.96946
-0.9906
-0.53781
0.08724
0.72916
1.65008
2.63618
3.00247
2.55575
1.79791
1.9619
1.14583
1.33053
1.78171
2.39734
1.68687
1.29905
0.25292
-0.27492
-0.64352
-0.74861
-0.48791
-0.09586
-0.64862
-0.93209
-0.98359
-1.34603
-1.17504
-0.78308
-1.50097
-1.38715
-1.79398
-1.78066
-2.12285
-2.29736
-2.40111
-2.63594
-3.09852
-3.90454
-4.15285
-5.33377
-5.38967
-4.67033
-4.21151
-2.09497
-0.27423
-1.07078
-1.39566
-1.12371
-1.41588
-1.87639
-1.87871
-1.55354
-0.70356
-0.44056
-0.19669
-0.79137
-0.57574
-0.32167
0.22912
0.68968
0.65192
1.45388
1.4551
1.3237
1.22844
1.04275
1.39449
1.96735
1.20342
1.41703
1.26962
1.85679
2.10526
2.17607
2.98333
3.17811
3.30051
4.56632
5.66443
5.49022
5.89452
6.7402
5.35932
3.92606
1.90155
1.4398
1.01674
0.31015
-0.35013
-0.00882
-0.06362
-0.77345
-1.13756
-0.81953
-1.13165
-1.66135
-1.17033
-0.5901
-0.5841
0.0774
0.32413
0.01933
0.03824
-0.4713
-0.81173
-1.26395
-1.19785
-1.99401
-2.6291
-4.0295
-4.68011
-5.71898
-5.66762
-5.59298
-5.67345
-4.24214
-3.75704
-2.5976
-2.13181
-1.48874
-0.71528
-0.52679
-0.67906
-1.06313
-1.1928
-1.34869
-1.31371
-1.59295
-1.05166
-0.63705
-0.12704
0.54109
0.84518
1.76813
1.89825
2.44109
2.49959
2.50923
3.16196
4.0825
4.44848
4.32118
3.43473
2.75872
2.44726
2.00108
1.88731
1.60171
0.9305
-0.14417
0.0082
0.09761
0.47964
0.79732
0.83133
1.04417
1.22923
1.29632
1.16422
1.10027
0.87971
0.43173
-0.37211
-0.69372
-0.89064
-1.12121
-1.52298
-1.72257
-1.60239
-1.04659
-1.00625
-1.13439
-1.30099
-1.39391
-1.06901
-0.60459
-0.3969
-0.80073
-0.60994
-0.37437
-0.52868
-0.3364
-0.0877
-0.28009
-0.19319
-0.58533
-0.74239
-1.02249
-0.96916
-1.17266
-1.28761
-1.36115
-0.88207
-0.7849
-1.2428
-1.57749
-1.99756
-1.20083
-0.68502
-0.44089
-0.06153
0.70396
1.21778
1.30102
1.19207
0.68167
1.29517
0.44223
-0.16578
-0.60448
-0.47427
-0.77915
-0.94959
-1.03455
-1.05952
-1.0431
-0.96209
-0.49018
0.10751
0.87143
2.05492
2.72653
3.43023
3.60337
3.8499
3.52748
3.1513
3.19712
2.94335
3.15062
3.29264
3.44317
2.66787
2.19971
1.99677
2.08225
2.22075
1.99182
1.38718
0.7902
1.16765
0.9629
0.61429
0.17063
-0.12367
0.05388
-0.43292
-0.17183
0.19813
0.05475
-0.34666
-1.00156
-1.69581
-1.68876
-1.79818
-1.38341
-1.49421
-1.10907
-0.58573
-0.27455
-0.23941
-0.44499
-0.25467
-0.06113
-0.46749
-0.39892
-0.63384
-0.5606
-0.59515
-0.27239
-0.33557
-0.31212
-0.22637
-0.53141
-0.44771
-0.11979
0.59926
0.40589
0.19971
-0.14443
0.03251
0.00936
-0.11836
-0.26959
-0.13041
-0.20246
-0.19869
-0.17682
-0.53091
0.06854
-0.41099
0.0746
0.52209
0.96641
0.8828
0.88409
1.02333
1.22179
1.55278
1.61379
1.75369
1.26682
1.72149
1.45258
0.7581
0.76267
0.35766
-0.15507
-0.89609
-1.12785
-1.29336
-2.36625
-1.69927
-1.47892
-0.99124
-0.91065
-0.68892
-1.22561
-0.98228
-1.14988
-1.10466
-1.06699
-1.12976
-1.28184
-1.08337
-0.28363
-0.24713
0.44551
0.67812
1.16897
1.1128
1.52868
1.9237
1.24923
1.30296
1.44259
1.40323
1.40133
0.89735
0.69348
0.72217
0.2295
-0.12867
-0.60422
-0.86664
-1.07895
-1.50216
-2.33219
-3.79826
-4.39595
-4.5238
-3.95175
-3.45851
-2.68826
-3.02698
-3.13701
-2.67924
-1.82364
-1.62393
-0.68569
-0.27053
0.29104
0.98738
1.23062
1.90513
1.8488
2.18079
1.26365
0.88224
0.9123
0.31663
-0.02277
-0.48378
-0.54034
-0.3955
-0.67877
-0.93699
-0.71747
-0.68908
-1.2555
-1.69932
-1.90377
-2.02289
-2.30422
-2.47374
-1.84836
-1.77273
-1.57585
-1.34178
-1.78065
-1.83395
-2.389
-2.63778
-2.18268
-2.07663
-1.73027
-2.15693
-1.44587
-0.88421
-0.70566
-0.08131
0.69083
0.61552
1.23329
2.54089
3.13364
3.70627
4.41396
3.81502
4.30274
3.72707
2.81283
0.10365
-0.68045
-0.67793
-1.1393
-1.52891
-1.00118
-0.48986
0.41043
0.31972
0.92576
-0.35237
-0.5337
-0.62999
-1.83035
-2.76158
-2.77373
-1.94039
-1.49253
-0.5733
1.01004
0.74344
1.21382
1.33539
0.20887
0.79999
0.98923
1.86754
1.96453
1.78285
0.7021
1.32384
1.54509
1.19201
0.98202
1.15666
0.51963
-0.2369
-0.13946
-0.04477
0.29276
0.68473
0.29543
0.65218
1.00494
1.12597
1.38042
1.72181
1.74606
1.20253
1.51638
1.8643
1.99935
2.07252
2.20384
1.80844
1.04141
1.21655
1.32445
1.89179
1.32706
1.18135
1.18081
1.10204
1.07228
0.78148
0.59509
0.03759
0.21522
0.50238
0.39122
0.78588
0.61492
0.90696
0.6884
0.52674
-0.03899
0.01573
0.14226
-0.27524
-0.24036
-0.07803
-0.113
-0.12151
-0.10666
-0.32104
-0.22846
-0.15589
-0.46166
-0.41298
-1.19598
-1.87917
-2.30105
-2.48345
-2.02477
-1.12401
0.29744
1.08865
2.25714
2.3463
2.36476
2.64191
2.84274
2.59695
2.86718
2.81593
2.20936
1.17609
0.33711
-0.23845
0.05232
0.43962
0.34697
0.25137
0.3996
0.75227
0.6989
0.64293
0.58999
0.78838
1.13011
0.29829
0.03631
-0.59923
-1.45709
-1.66771
-1.80105
-1.87556
-1.55106
-1.78841
-2.18096
-2.09059
-1.45982
-1.58504
-1.06834
-0.44192
-0.08902
-0.50279
-1.06333
-1.32875
-1.11212
-1.15141
-0.69517
-0.30244
-0.27021
-0.18575
-0.02603
0.23974
0.06287
0.0894
-0.15217
-0.12674
-0.57411
-0.52954
-0.57707
-0.72235
-0.7393
-0.65253
-0.66577
-0.33075
0.0509
0.53393
0.21499
0.27948
0.59383
0.98781
0.69794
0.88503
1.36455
1.52875
1.23577
1.4005
0.81087
0.54844
0.4406
0.34077
0.22396
0.04635
0.16772
0.38762
-0.04315
0.00376
-0.2359
0.25816
0.30252
0.18143
0.05095
0.16118
-0.0563
0.14303
0.48208
1.01617
1.02772
0.9991
0.91256
0.98219
0.87309
0.65243
0.30797
0.74207
0.99738
0.48724
-0.20246
-0.29926
0.36053
0.68739
0.6686
0.76028
0.98294
0.96313
0.65325
1.07072
0.97783
0.84397
0.81324
0.79994
0.53324
0.10169
-0.4976
-1.37408
-3.60035
-4.24741
-5.52793
-6.09124
-6.63227
-7.46359
-7.91296
-7.6638
-6.49233
-3.69924
0.01225
0.93325
1.23129
1.5494
2.2251
3.46922
3.99007
3.80445
3.12147
1.76681
0.49818
0.70861
0.6196
0.56055
0.63793
0.69438
0.77816
0.84607
0.56204
0.98083
0.99042
0.08538
-0.21318
-0.67317
-0.84392
-1.05047
-1.29993
-1.76369
-1.51713
-0.81597
-0.58384
-1.18351
-1.06895
-0.67062
-1.14575
-1.04261
-1.65772
-1.48699
-1.10503
-0.77724
-0.67013
-0.87397
-1.11963
-0.7764
-0.87089
-0.08787
0.89635
2.4855
3.01632
3.53379
3.38676
2.91741
2.39265
0.94908
0.2771
0.57881
-0.16133
-0.42535
-0.25444
0.01418
-0.16501
0.11702
-0.06011
-0.12991
-0.20608
-0.41832
-0.07401
-0.34364
-0.68508
-0.79196
-1.10768
-2.09563
-2.05661
-1.87391
-2.43161
-2.95986
-3.00368
-3.28766
-3.54904
-3.38773
-2.7546
-1.57242
-0.4937
-0.40451
-0.56846
-0.76912
-1.32745
-1.21498
-1.16324
-0.37276
-0.221
0.20562
0.1724
-0.6343
-1.46522
-1.95284
-3.20597
-4.3145
-4.35557
-4.40348
-4.42854
-4.28339
-3.07023
-1.60396
-0.89906
-0.00314
0.3893
0.78424
0.77642
1.33782
1.97504
2.95859
4.11415
3.82917
4.03376
5.82926
5.24509
4.18946
4.09974
3.93508
3.94386
4.18589
4.32475
4.09917
4.28023
4.39382
4.26154
1.86397
1.37961
0.79685
-0.20577
0.13313
0.64358
0.43337
0.13265
0.04884
-0.11719
-0.18755
-0.08353
0.0918
0.00961
-0.12193
-0.42785
-0.62549
-1.25133
-1.3193
-1.36092
-1.38249
-1.32329
-1.54433
-1.39342
-1.03915
-0.93611
-0.81179
-0.49471
-0.54263
-0.43852
-0.29638
0.24827
0.57601
0.53012
1.06498
1.51956
1.34723
1.56113
1.28064
1.41174
1.1017
1.28825
0.81788
0.09908
-0.35986
-0.57648
-1.5791
-2.0915
-2.29691
-2.08537
-1.60152
-1.80057
-1.48721
-1.47761
-1.29613
-1.17559
-0.92719
-0.8329
-1.08105
-1.58139
-2.46223
-2.30548
-1.87373
-1.29899
-0.80963
-0.40338
-0.36854
-0.38329
-0.2332
0.4215
1.01767
2.08579
2.6237
3.39718
3.7783
3.40282
3.66959
4.78309
5.52084
5.92021
6.27551
6.1742
5.39814
6.31105
5.85031
4.45743
4.3286
3.19324
2.93992
2.2509
2.61481
2.42207
1.98534
2.08772
2.21231
2.47134
2.88031
3.5033
3.40793
3.20535
2.86106
2.33112
2.45571
2.7897
1.44529
0.25082
0.16437
0.83514
1.20805
0.87892
-0.26752
-2.2175
-2.13061
-1.57968
-1.42794
-1.82563
-2.50006
-3.49731
-3.67284
-4.68467
-5.83056
-7.21966
-8.82808
-10.25685
-12.62507
-15.12931
-16.70381
-17.64096
-16.41442
-15.10872
-13.44974
-8.46238
-8.40532
-8.35896
-7.65138
-6.233
-5.7217
-5.72749
-4.79639
-2.5679
1.1069
3.59918
4.6906
5.53929
6.95377
10.97263
14.02552
9.69737
3.66187
2.71087
3.87427
3.96165
2.8214
1.18024
0.16128
-0.15087
0.69134
1.53267
1.47317
1.97443
2.26973
1.91343
2.0902
1.97579
1.5724
1.66607
2.44884
3.15163
2.82726
2.8516
2.53839
2.03434
-0.03269
-1.01953
-1.90499
-2.22132
-1.91211
-1.68203
-0.94259
-0.60267
-0.4134
-0.10588
0.08325
0.26586
0.49435
0.38101
0.41535
0.73493
1.0262
1.0979
1.27517
1.12462
0.52082
0.17991
-0.47478
-0.30199
-0.09787
0.64613
1.17277
1.3099
1.38856
1.63176
1.66056
1.93126
2.01263
1.7324
1.45213
1.0349
0.84352
0.61807
0.74056
1.07744
0.69235
1.16663
1.50815
1.97652
1.63614
1.04999
0.54236
0.00252
-0.48761
-0.91708
-1.45783
-1.68168
-2.40471
-3.11754
-3.73806
-3.93019
-3.99079
-4.47183
-4.93155
-5.18336
-4.19304
-3.61372
-2.6034
-2.68412
-2.26191
-2.00531
-1.94294
-1.81177
-1.86593
-2.45179
-2.1546
-1.45028
-1.10936
-0.59453
0.56257
0.66959
1.88304
2.50558
3.67321
4.9131
5.57721
6.84283
9.09355
9.50152
8.73904
7.89258
7.64772
6.57833
5.55656
3.66262
1.8601
-0.06215
-0.74946
-1.30363
-1.37653
-1.26039
-1.49647
-1.97597
-2.17107
-2.22004
-1.99282
-1.86185
-1.33714
0.04746
0.13786
-0.16907
-0.17756
0.09165
0.17496
0.20907
-0.19186
-0.63251
-1.27347
-1.25616
-1.16196
-0.86079
-0.92148
-0.7261
-0.28592
-0.18385
-0.22173
-0.06059
0.1243
0.19794
0.51671
0.49665
0.36793
0.36186
0.5464
0.56907
0.29045
-0.18026
-0.04724
0.02189
-0.22289
0.10621
0.33519
0.44583
0.58554
0.6943
0.76608
0.10845
-0.14557
-0.11972
-0.05729
0.05782
-0.16008
