19.44399
-3.95213
-13.41185
-23.27807
-24.97279
-27.31862
-22.46259
-10.43002
10.44767
15.02456
12.73854
13.68201
13.12993
13.30335
12.44537
10.86585
11.54129
12.43471
12.59991
11.76428
7.09559
5.63921
4.01356
0.85559
-0.15143
0.83047
0.59191
-0.33177
0.25274
0.76538
-0.05059
-0.28574
3.64647
8.54324
11.74697
6.80977
1.10481
-1.74936
-2.58217
-3.61862
-4.29483
-4.63229
-6.20927
-6.09428
-5.5124
-5.52575
-6.46291
-6.56548
-6.79838
-6.48322
-5.31448
-4.13812
-2.74591
-4.54578
-6.94608
-9.65471
-11.68691
-13.32866
-14.88605
-15.39908
-17.80862
-16.42059
-11.67829
-7.68297
-4.00929
-0.817
0.43253
4.37435
3.12291
1.65028
0.15883
1.63682
5.54689
1.49912
3.0124
5.93144
14.39543
27.67795
28.03485
24.33476
26.37997
30.38383
37.08619
39.4228
40.62586
39.41049
29.98584
18.53529
15.1317
12.92434
10.90017
8.21874
0.68618
-1.77739
-2.01267
0.73412
1.16753
1.44006
2.94431
7.4019
11.599
16.98177
15.22071
20.81165
26.0215
27.52641
27.77368
25.37705
20.63463
20.69144
18.03631
13.55355
15.09035
12.44835
9.31995
9.91745
11.55589
6.92553
-0.01767
-9.52873
-19.63669
-31.04176
-48.55633
-55.32454
-60.44156
-58.53394
-54.8164
-41.76339
-25.1812
-24.12697
-23.35504
-18.68352
-15.28699
-15.94518
-18.80745
-22.72971
-22.77262
-25.8949
-23.48295
-17.71699
-9.56391
-3.72215
2.20224
3.6971
1.72417
-2.77231
-4.48823
-0.20286
-0.38937
-0.83529
3.8547
8.6003
12.31356
12.31866
12.6628
9.67618
7.27802
4.54931
4.50674
3.95084
3.13953
1.96242
4.94195
6.30926
6.628
5.98167
3.77197
-0.42
-2.86044
-5.50324
-5.49356
-2.255
0.19252
5.09092
8.17017
11.34758
14.54738
15.27582
15.39293
15.15061
13.49845
9.82956
11.48382
12.46853
14.08059
15.06419
17.92218
10.46581
9.05364
6.41897
4.80199
1.27814
3.23514
3.52854
4.25798
5.04713
3.56874
3.99058
4.2431
3.92766
3.98384
2.30905
-1.60653
-2.68056
-4.29211
-5.83478
-7.03655
-5.6304
