50.773712
37.212551
36.66411
36.974232
39.713605
43.08433
45.388112
47.132769
49.234446
49.92075
46.918748
46.231063
45.031049
43.706378
40.900818
36.801945
34.133493
32.573277
31.576973
30.113763
27.042722
26.59328
25.778694
24.926468
25.810279
26.731157
26.768777
26.844179
27.224403
27.53127
27.420808
27.769218
27.851302
27.655086
26.631574
21.136375
16.189243
14.681804
14.870377
15.528426
15.475484
17.280619
19.692256
19.948596
19.954362
19.392386
18.35118
17.867835
17.278445
16.728259
16.388644
16.845501
16.672195
15.108407
15.990511
17.570005
21.689127
25.807385
25.498781
25.435403
26.132541
28.075725
29.889397
31.286677
32.45789
33.100084
31.945082
32.473905
37.016236
42.163704
46.871924
51.458554
54.749404
57.121862
61.383509
65.540702
68.141141
70.172349
67.647077
63.634203
61.434904
59.312431
55.857876
51.941053
47.11481
41.13485
30.51199
20.075016
18.211724
17.283111
16.723133
16.306698
17.569809
17.837385
18.042755
19.254313
21.035641
21.105733
21.117343
20.939118
21.284921
22.224086
21.682205
27.383241
31.409668
35.113674
35.670336
35.71131
33.150719
37.212498
41.585628
44.68971
49.71741
56.382173
62.798353
67.832147
70.379665
73.93173
75.608806
76.807349
77.744096
79.156231
80.876135
79.647526
77.312281
70.958015
62.56624
48.047851
32.981602
30.623379
28.37703
25.02225
23.179712
23.022601
22.963824
22.969626
22.260338
22.571006
23.148211
23.693996
24.934646
27.423377
31.519443
32.662828
31.850524
30.026658
29.634742
30.51665
31.089058
31.685828
34.41367
37.426841
38.28659
37.565062
35.722081
32.12536
29.101308
25.869567
24.227254
22.53347
20.635646
19.049439
21.286783
22.143304
22.627124
22.361341
22.273881
19.569765
20.510173
21.417753
23.990475
25.800361
29.878771
32.187103
33.599471
34.334775
33.945795
32.913445
31.343243
29.406283
26.643729
23.273355
22.582783
21.908077
21.216625
20.197523
19.771113
13.075297
11.825427
10.273235
9.348647
7.518677
7.483427
7.885742
10.162934
11.96348
12.32912
12.411834
12.457656
12.458116
12.458724
12.41008
12.381146
12.494492
12.453026
12.300334
13.746962
15.15526
