39
28
20
12
6
13
33
66
88
100
100
99
96
92
88
86
89
89
82
66
50
47
39
35
31
28
24
19
13
9
18
38
70
90
100
100
97
95
93
91
88
84
85
82
81
77
71
70
75
82
83
76
68
54
43
37
33
27
17
9
6
10
23
29
34
41
42
39
35
34
34
29
20
20
35
64
83
90
87
84
84
85
88
94
98
100
99
95
84
66
43
24
23
21
23
25
27
37
48
60
65
71
81
91
96
95
94
94
94
94
93
90
87
87
92
94
89
78
63
48
31
18
8
5
2
1
1
2
3
7
16
22
25
21
17
9
4
0
3
13
28
41
41
34
27
27
26
24
28
44
66
82
93
97
100
100
99
93
86
80
84
90
95
92
85
70
50
30
15
11
19
32
44
56
67
74
79
77
71
62
48
43
48
59
79
90
95
82
65
43
53
61
74
81
82
82
80
79
74
65
54
45
31
22
11
6
3
4
