256900000
228900000
223899999
211000005
211600000
204210000
200560200
198400000
224357300
231180000
224300000
223930000
220598200
219448850
217510000
212400000
210592700
209810000
208899999
210300000
202900000
201000001
200400000
195560111
192223000
193120000
192800000
190003133
189591000
190329900
186500000
184340000
184500000
187445000
195500000
192000000
184990000
180700211
179840000
178382800
177200000
177777777
175900000
173656000
174200000
174700001
172990000
172701105
171665400
170600000
170745454
172570000
172900000
171888000
170418899
168000000
166390000
165402100
163601000
165288000
160416400
157000112
161599999
163480200
165000000
167396999
164000000
169600000
167398000
165000000
159784500
159000000
163949999
154717812
152700000
147210000
145002200
162000001
162797899
151999999
148199999
147490000
147800000
146600000
146041000
150000000
144000000
127969900
123720001
121400000
120225000
120105000
115200000
111912100
109200000
113200000
113700000
112720000
110651002
113110000
113678000
120349000
114590000
116801000
121700000
121998000
123000000
122459059
114009000
115000000
115800000
107060600
111780000
110700000
105499898
105100000
112388899
112548000
112200000
109944000
107000000
110000000
94199999
94000000
89710900
94279000
92000000
99615200
126499900
129000000
127449900
132570600
139330000
141899999
142235500
137355000
141500000
135559500
134706200
136156200
143000000
145560000
152100000
154990000
155099868
148900000
141294100
147116000
146200000
141017600
140650000
142700000
146500000
144199999
145718300
141730001
139220000
133804000
133121000
132250000
130680100
125011111
127201111
127800000
127700010
127700000
127400000
122631400
121005100
116400000
113400001
115562000
113868300
117400000
117750000
118000000
120490000
119700000
118350000
118599800
117100000
108601000
109000000
107693800
107900000
105250000
115486300
104300600
103940000
100500000
101686700
94200000
96779300
96311000
96420000
98800000
95900000
96122000
96630000
95924100
97510000
97194400
94652800
94900000
94360100
93704700
91100000
92499500
