52
37
29
19
13
5
1
33
66
100
100
100
100
97
92
87
84
89
94
84
68
58
45
37
34
32
27
24
20
13
4
5
38
72
100
100
100
100
93
93
93
88
83
76
85
84
75
70
66
74
83
90
85
68
50
42
35
35
28
19
5
4
15
26
26
36
41
47
39
32
35
34
32
18
9
33
64
94
91
85
84
84
83
88
94
100
100
100
97
87
68
43
31
18
19
26
24
26
32
53
59
67
67
82
95
97
95
94
94
93
94
94
92
85
84
92
99
91
77
65
47
33
12
9
3
2
0
2
2
2
6
16
27
24
24
15
11
1
0
0
10
28
46
48
30
24
27
31
21
20
44
66
88
92
100
100
100
100
98
82
79
80
94
96
95
86
73
50
27
13
6
20
30
45
57
67
77
79
81
71
55
45
45
40
59
78
100
93
93
60
53
42
64
78
81
84
80
80
80
76
65
54
38
34
21
11
2
5
