76.4
66.0
63.3
54.6
55.2
49.2
45.9
43.9
74.9
90.4
87.6
87.4
86.0
85.5
84.6
81.8
80.7
80.1
79.6
83.0
78.5
74.8
74.3
70.0
66.3
68.4
68.0
65.0
64.6
66.0
62.0
60.4
60.7
65.5
82.3
80.2
74.9
70.3
69.3
67.5
66.0
67.4
65.2
66.5
67.9
69.1
67.3
66.9
65.9
64.8
65.1
68.3
67.2
66.4
65.2
63.1
61.8
60.9
59.5
61.5
57.6
54.6
58.8
61.0
62.8
65.6
63.4
70.1
68.9
67.6
64.6
64.1
69.8
64.7
63.4
59.8
58.3
80.4
81.7
76.8
74.6
74.2
74.5
73.9
73.6
79.2
76.7
66.9
63.0
60.7
59.6
59.4
49.4
45.4
41.9
45.9
46.4
45.3
42.9
45.1
45.6
51.7
47.1
49.3
54.4
54.8
55.8
55.4
48.2
49.1
51.1
43.1
46.9
45.9
40.8
40.4
45.7
45.8
45.5
43.6
41.0
42.7
27.6
27.3
22.5
24.1
21.5
24.1
39.0
41.2
38.3
42.7
49.6
52.7
53.1
47.8
52.5
45.4
44.3
45.8
54.7
57.9
67.5
72.4
72.6
68.4
61.5
72.7
72.0
67.3
67.0
71.3
80.2
78.7
82.5
80.1
78.5
74.1
73.5
72.7
71.6
65.3
71.0
72.6
72.5
72.5
72.2
67.9
66.2
60.8
55.2
59.4
57.1
64.2
65.0
65.5
70.6
69.9
68.7
69.2
69.1
61.2
61.9
60.5
60.8
58.2
76.6
65.6
65.1
60.1
59.5
43.4
49.8
48.5
48.8
54.8
47.4
48.0
49.2
47.5
51.2
50.5
46.0
46.5
45.2
43.7
37.3
39.6
