35.9
7.7
3.5
3.9
3.7
7.0
8.4
11.2
10.2
14.9
18.1
18.1
17.1
16.8
16.1
14.3
13.9
13.7
13.6
14.1
9.7
12.4
12.1
10.2
8.9
9.1
9.0
8.3
8.2
8.4
6.9
14.2
14.3
15.4
19.6
16.9
13.5
12.1
11.9
11.5
11.2
11.4
10.3
11.4
11.5
11.6
11.0
10.8
10.5
10.2
10.2
10.6
18.8
18.4
18.1
14.4
13.9
13.5
12.7
13.3
11.2
10.4
51.3
52.2
52.9
53.5
51.9
56.5
54.7
53.1
47.9
47.5
50.5
39.4
38.3
34.7
32.1
54.3
55.0
43.1
39.7
39.3
65.1
64.2
64.0
67.7
55.0
28.9
27.1
25.9
25.5
25.5
20.6
18.8
17.5
19.8
20.0
19.7
19.1
20.2
20.4
8.4
4.4
5.3
9.4
9.5
10.0
9.4
3.3
2.9
4.4
19.4
17.0
17.6
22.7
22.8
17.2
17.1
17.3
19.6
24.1
18.0
47.6
47.8
53.6
43.7
46.0
28.4
4.6
3.7
2.2
0.3
2.1
2.5
2.6
1.6
2.0
0.4
0.2
0.5
6.3
6.9
8.9
9.4
9.4
7.5
5.9
7.8
7.6
6.5
6.0
6.4
7.2
6.9
7.3
6.5
5.9
4.2
4.1
4.0
14.1
12.6
13.1
13.1
13.1
13.1
13.1
11.9
11.3
10.1
13.0
13.3
13.1
13.7
13.8
13.8
14.2
14.0
13.8
13.8
14.5
8.8
8.8
8.6
8.6
7.8
10.6
5.2
5.2
4.5
4.6
0.7
1.2
1.1
1.2
1.6
1.0
1.0
1.1
1.0
1.4
1.3
1.8
1.8
1.8
1.6
0.2
0.5
