11.125
2.05
0.013
4.351
3.576
6.114
5.574
5.789
6.933
10.665
6.657
10.364
9.75
9.505
11.224
10.496
9.047
8.822
9.945
10.923
6.604
7.774
8.712
5.994
2.549
1.217
0.416
2.709
4.92
5.832
4.55
4.029
3.781
6.563
12.578
10.218
5.89
4.457
4.133
3.913
3.868
4.118
1.929
0.437
1.345
2.512
2.97
3.793
3.786
4.278
3.301
7.576
10.127
6.366
4.244
1.818
0.601
0.854
3.537
1.26
2.777
1.742
1.635
0.286
6.645
9.624
11.405
16.963
3.332
1.352
5.121
7.287
11.16
4.68
4.161
0.8
3.331
12.5
27.215
22.858
22.075
22.678
23.059
27.256
30.496
37.362
27.208
12.55
9.758
9.714
6.29
5.653
4.278
2.336
6.507
6.984
6.801
8.357
9.642
0.788
1.149
3.928
7.032
4.491
9.936
15.638
17.031
8.96
1.298
2.495
5.326
0.056
1.618
17.515
12.233
17.154
19.208
22.334
12.633
13.087
17.054
13.691
28.943
32.534
36.778
33.716
33.02
29.6
6.683
4.236
6.394
7.293
4.28
6.706
8.229
11.44
4.969
4.058
8.435
6.869
1.405
3.49
6.587
5.795
7.558
2.183
0.307
5.671
9.264
5.931
6.351
9.198
17.189
13.363
14.02
10.986
9.021
5.026
8.553
9.292
12.268
10.239
10.071
12.234
8.773
8.45
7.966
1.777
1.09
1.647
4.384
1.313
4.85
7.706
9.337
9.36
14.479
3.648
13.47
14.104
16.517
6.799
15.711
11.277
12.032
9.157
16.889
8.759
8.133
4.005
6.007
3.394
0.427
1.751
1.601
4.705
2.342
5.512
4.465
4.322
2.104
2.628
1.456
3.654
8.211
9.024
9.262
5.468
