100
89
56
30
24
41
42
31
22
22
25
22
25
23
21
17
21
29
38
36
30
16
6
0
7
7
7
31
65
97
85
61
43
36
44
34
21
13
11
12
13
11
12
17
28
23
13
0
5
39
72
78
45
15
13
13
13
4
10
11
16
21
29
37
42
47
50
50
45
62
78
100
100
100
93
80
47
22
10
27
26
22
10
27
38
39
20
15
29
47
38
44
67
75
69
52
38
26
21
23
10
1
0
13
27
37
40
42
65
82
100
100
100
90
79
78
86
88
84
86
88
79
78
72
73
60
58
42
22
3
0
0
1
1
15
34
57
64
68
71
77
74
81
82
87
87
83
63
44
25
20
6
25
26
26
32
51
74
70
76
71
67
66
76
81
75
64
60
37
20
1
4
7
5
7
4
4
5
5
17
21
21
22
42
70
88
91
96
100
100
100
100
100
89
76
56
40
29
32
43
64
79
99
86
68
49
34
37
23
18
0
0
10
22
34
53
71
79
72
49
62
74
100
93
93
85
71
52
42
42
45
52
62
66
77
83
88
85
84
76
59
45
26
20
19
23
48
71
94
91
90
81
85
74
80
69
83
70
79
61
54
45
34
33
26
27
26
12
22
35
58
57
48
50
46
44
28
21
16
18
20
16
14
16
23
22
12
5
10
16
16
24
19
20
2
1
11
26
42
47
49
55
59
64
75
89
96
100
100
100
100
100
98
96
93
71
59
61
85
68
43
25
27
32
29
38
32
39
47
56
60
58
69
82
93
73
48
28
29
27
40
57
75
64
47
41
43
31
14
3
19
34
42
37
29
30
23
14
4
4
8
41
67
76
65
57
56
48
32
31
27
21
8
4
22
38
52
55
66
80
91
97
93
89
91
91
81
51
23
2
5
5
5
10
31
51
65
61
74
78
94
94
100
100
100
99
94
94
94
91
91
76
70
70
84
81
59
41
49
43
31
10
3
2
6
6
5
0
0
5
5
5
1
18
31
51
47
46
40
46
47
62
67
70
58
38
30
25
19
10
26
52
88
93
82
79
59
49
25
12
22
35
39
32
24
21
20
25
36
46
57
78
93
100
100
100
94
86
85
83
86
86
93
68
41
25
26
24
15
18
28
37
44
30
15
3
15
48
74
79
74
64
76
53
38
11
10
2
1
2
21
24
29
38
68
94
78
51
20
21
26
26
32
26
32
26
59
60
50
19
21
25
25
23
23
26
23
14
10
5
14
25
49
59
75
84
100
89
79
79
89
99
96
97
92
80
68
62
51
54
42
53
35
24
16
42
76
100
89
87
79
89
91
100
100
100
91
81
50
25
13
23
23
32
43
51
53
64
87
81
82
81
78
74
44
56
51
64
72
55
52
22
38
53
72
81
78
90
76
83
83
100
91
91
83
77
82
77
66
62
72
79
84
78
81
66
56
54
47
32
11
32
62
88
95
72
43
17
15
16
14
14
12
17
13
12
4
4
0
33
53
63
48
40
39
23
14
9
10
11
10
16
17
24
29
32
28
15
27
48
75
80
84
91
72
41
17
17
32
40
64
72
85
86
77
61
64
68
75
55
63
73
93
96
100
100
100
100
100
93
84
59
55
31
26
4
4
0
0
0
0
11
24
40
62
83
99
99
99
95
82
82
83
96
91
94
73
78
76
75
73
62
74
59
45
30
24
24
33
58
86
96
90
81
84
89
98
65
32
15
33
52
39
23
4
9
6
20
20
30
44
60
68
73
77
78
79
82
90
85
79
46
45
25
39
22
43
42
64
62
58
36
40
53
84
91
88
74
73
78
88
81
82
85
87
85
71
67
49
50
49
51
44
39
25
17
11
23
19
17
10
25
53
81
94
81
81
75
73
61
55
37
16
0
2
15
27
39
32
25
15
11
5
19
38
71
76
81
81
91
96
84
77
74
86
92
72
55
37
65
78
95
95
100
100
99
99
99
100
96
93
90
93
90
93
75
47
14
0
0
6
16
17
33
37
39
37
20
18
17
29
46
52
44
59
61
87
84
92
80
81
68
49
58
56
80
80
97
71
38
4
14
18
35
32
40
47
47
42
47
51
65
78
91
65
32
5
8
22
30
32
33
23
28
19
20
10
5
10
20
49
63
78
82
88
96
96
100
99
99
96
96
80
64
51
49
50
45
31
15
0
0
0
0
0
0
0
5
21
32
34
17
6
15
32
48
47
31
35
43
53
38
49
73
97
80
68
54
55
67
84
99
98
89
73
58
47
38
22
25
19
35
51
67
85
85
81
61
39
38
47
54
63
68
83
78
77
67
58
51
31
33
17
14
35
38
52
37
48
42
49
38
46
40
35
27
19
25
38
61
82
92
64
61
55
65
62
56
61
71
83
91
87
77
81
72
74
44
24
10
10
10
0
16
50
77
66
61
40
42
51
66
66
61
43
56
55
80
69
59
45
40
43
61
64
66
70
71
88
88
85
58
31
18
22
26
34
26
16
4
5
16
28
45
48
61
42
28
10
8
10
9
8
24
17
17
0
0
0
18
37
44
47
53
69
68
64
61
76
86
98
95
96
96
100
66
33
0
16
38
61
65
75
84
96
91
68
35
10
2
10
33
50
62
62
66
63
66
80
92
97
97
75
70
70
65
62
36
40
21
20
21
23
26
25
25
24
22
19
12
28
35
54
58
69
73
70
68
62
53
54
52
53
52
68
86
99
99
99
90
88
81
84
54
59
66
97
92
88
80
87
91
95
94
87
74
62
36
35
16
37
26
50
41
62
52
38
18
26
41
54
45
50
58
65
65
58
47
40
39
51
59
77
87
89
55
22
0
0
10
31
52
66
70
66
71
73
82
86
94
100
100
97
83
79
55
46
23
24
32
25
27
9
20
26
35
37
36
33
17
7
2
2
10
13
13
11
8
13
5
9
36
50
65
52
58
55
61
72
88
96
98
100
85
64
40
28
27
17
26
14
35
41
74
73
68
48
52
70
81
83
80
88
93
95
92
91
92
96
100
95
78
70
72
92
87
87
79
80
63
67
53
44
15
10
7
7
3
2
2
2
0
11
23
56
68
88
70
80
82
91
81
74
79
80
83
86
94
99
100
93
69
64
54
46
18
8
24
44
54
41
38
49
46
35
8
8
6
20
30
39
36
30
25
15
8
2
10
10
22
36
64
67
77
80
96
95
70
44
50
47
53
53
79
92
76
59
45
44
46
44
37
34
40
31
21
2
3
4
26
50
70
62
59
57
46
41
40
53
61
75
93
100
97
89
82
83
91
93
87
78
79
83
82
77
76
83
92
88
86
86
95
94
83
50
20
0
0
0
15
36
47
32
11
0
0
10
35
40
30
10
12
13
11
8
13
17
12
13
6
6
0
25
58
92
100
96
93
87
90
93
94
91
80
79
68
63
50
44
43
29
21
25
44
61
67
73
69
63
71
84
99
99
85
74
45
26
12
20
20
12
10
17
21
10
9
7
15
20
24
28
28
21
25
27
27
32
20
35
34
44
37
35
42
45
28
8
13
23
36
44
53
62
74
87
100
100
100
98
91
88
89
83
65
56
71
90
100
96
76
47
17
5
11
13
26
16
34
37
65
70
77
70
64
63
70
76
88
87
88
68
58
32
37
41
53
37
14
27
41
53
35
34
42
51
58
51
50
51
60
58
38
16
0
0
15
15
27
15
19
14
18
14
5
9
13
22
14
15
19
29
59
68
82
67
48
37
29
29
29
41
49
54
64
76
59
55
55
88
93
99
99
100
98
94
88
78
59
44
36
31
37
31
34
32
23
26
23
28
35
35
63
79
100
97
82
74
70
86
93
99
96
92
90
94
83
64
39
31
22
24
20
23
18
11
5
17
35
51
50
66
81
100
97
86
82
85
91
87
81
79
87
93
87
87
84
73
69
45
31
29
43
57
65
72
77
78
78
77
81
81
67
53
34
28
23
25
18
28
35
64
66
84
87
83
64
48
42
36
19
9
5
13
13
8
0
0
16
15
29
13
14
0
8
16
17
9
11
26
34
28
12
7
17
25
22
10
3
2
7
14
20
47
72
94
88
79
76
79
82
77
81
72
80
74
89
73
67
45
57
55
59
44
36
39
42
32
14
0
33
58
71
53
45
49
67
77
92
88
81
84
80
88
83
93
93
95
95
87
63
53
46
43
38
28
54
54
68
40
30
13
11
5
8
18
26
25
26
35
50
60
73
64
40
39
39
56
44
68
84
81
77
72
87
91
94
94
93
88
76
65
55
56
53
50
28
14
5
13
10
35
30
43
18
17
10
10
9
7
6
9
5
4
13
34
57
57
50
41
42
55
71
83
91
76
83
78
71
46
20
20
48
72
94
82
70
70
83
76
64
59
63
76
54
68
68
63
56
39
44
39
29
17
5
12
23
31
29
30
38
54
77
97
99
87
68
57
57
60
58
58
61
58
53
52
49
46
40
33
20
7
2
5
5
2
0
0
0
7
7
41
67
93
78
54
33
21
14
7
17
28
36
27
31
31
26
11
32
52
73
63
54
44
58
78
100
100
100
100
87
84
56
56
50
70
84
84
90
88
93
98
100
91
86
67
59
44
48
44
41
22
23
29
41
61
79
100
88
75
62
45
27
7
2
15
27
43
45
45
44
39
27
28
46
69
70
51
26
30
26
24
13
20
33
37
31
29
25
46
67
94
100
100
100
100
89
79
68
78
76
78
70
70
59
47
32
27
24
22
33
36
61
84
91
92
79
64
69
66
82
84
72
45
12
7
1
3
12
21
30
32
27
27
23
20
7
0
0
0
3
37
68
83
55
25
12
7
9
5
5
12
21
36
43
60
58
58
64
79
95
100
100
92
75
61
50
48
30
23
15
15
17
20
31
29
28
20
31
41
61
59
69
81
95
99
99
97
91
90
92
99
98
80
62
49
37
21
13
13
46
48
70
70
92
97
97
95
91
91
94
96
90
86
86
92
92
94
79
70
54
60
67
57
42
27
26
16
8
8
0
5
25
47
57
54
32
16
15
48
71
71
73
89
90
95
65
33
15
37
52
54
57
66
73
73
74
66
65
61
55
58
52
42
15
0
8
17
39
31
27
10
43
56
54
40
42
42
54
54
76
64
56
31
13
1
1
11
17
23
12
10
38
42
38
30
49
59
57
42
27
15
0
0
0
0
8
31
46
38
43
47
72
56
63
48
51
40
36
33
47
44
43
24
33
39
54
56
64
64
75
80
85
88
93
97
98
98
96
96
93
92
87
58
31
5
10
13
12
17
14
19
16
15
11
4
4
4
3
3
16
46
79
73
63
38
32
34
32
31
34
55
43
35
17
35
48
56
43
25
20
31
38
43
54
63
69
76
68
73
73
74
87
74
87
87
89
85
71
80
77
69
53
27
29
23
25
16
15
18
15
11
4
2
0
0
8
16
37
61
87
100
100
100
100
100
100
96
72
68
63
87
82
88
75
72
71
74
83
83
83
87
70
44
27
14
10
0
0
15
29
50
66
78
81
76
84
82
84
85
89
94
88
93
84
89
88
94
96
98
100
72
39
7
2
7
11
15
16
18
12
10
3
3
0
9
34
47
54
54
53
51
41
39
50
61
69
59
72
46
58
50
73
79
80
58
59
48
81
75
97
77
62
47
58
73
70
63
42
36
23
12
11
10
16
24
40
54
62
74
86
95
90
71
53
31
21
13
10
7
2
0
3
13
21
17
20
27
42
63
79
82
66
36
20
3
3
0
18
31
39
20
26
41
75
77
76
66
67
68
77
86
97
97
100
100
94
94
94
95
77
77
81
100
96
91
88
74
69
59
43
48
57
83
55
30
9
24
34
47
36
50
42
46
39
42
45
62
80
96
93
92
62
54
30
53
45
37
14
0
33
55
68
68
57
61
51
56
51
36
31
31
34
28
25
28
33
32
29
18
10
0
17
51
83
94
94
95
100
73
44
17
16
16
16
15
17
16
15
8
13
11
44
66
100
86
67
62
65
73
70
76
80
81
77
77
74
81
82
92
95
99
99
100
68
43
10
9
6
6
6
0
9
23
35
42
33
36
40
52
62
51
36
13
11
11
31
69
70
61
48
48
42
40
45
32
20
2
8
14
23
17
11
0
12
22
26
17
9
37
62
76
58
37
41
49
73
79
92
94
99
100
100
100
100
98
98
98
100
98
92
95
84
74
73
50
50
45
63
61
60
66
67
70
81
89
84
78
78
69
69
52
29
47
64
81
84
83
83
85
91
82
78
71
83
80
83
83
86
89
84
84
75
68
53
50
31
17
6
11
10
5
5
13
19
25
18
13
5
10
6
8
11
15
21
27
39
41
28
36
48
67
66
75
90
96
96
89
85
75
73
60
42
32
31
33
39
27
40
24
24
27
48
59
48
45
40
65
48
43
13
19
26
29
32
32
34
25
17
9
4
26
59
87
86
67
54
36
24
9
29
42
61
52
47
41
27
15
9
6
5
9
19
20
21
39
64
85
87
85
60
36
41
64
91
98
94
87
84
79
75
69
77
78
81
75
72
77
61
49
18
28
45
63
71
74
83
83
88
66
57
34
35
18
11
10
20
34
25
14
6
6
6
8
14
36
50
72
52
61
59
51
43
34
32
26
52
60
64
46
41
46
40
30
28
33
31
30
31
50
58
60
51
44
38
40
36
29
23
21
14
7
0
0
0
2
12
12
17
23
56
82
97
67
35
15
14
14
4
6
23
42
61
72
79
75
80
87
97
100
100
100
100
97
97
97
97
87
77
52
34
31
57
86
98
100
96
90
90
94
92
68
51
45
55
38
18
9
9
9
11
11
11
0
12
45
68
83
71
78
80
88
84
75
66
63
64
62
40
26
29
49
63
64
78
87
91
84
86
92
95
95
86
84
69
66
61
75
74
74
81
75
64
48
38
30
26
27
17
15
0
17
19
33
45
58
44
49
66
90
73
73
68
74
75
84
86
87
86
92
96
100
100
91
79
71
67
58
45
34
31
21
10
0
0
4
15
38
64
69
46
45
42
72
46
56
54
87
87
83
84
88
95
88
85
78
83
89
75
48
22
23
33
55
73
92
96
95
96
97
100
98
94
91
90
94
63
33
3
7
29
35
46
43
51
53
43
35
18
17
9
2
2
3
8
8
11
19
23
26
14
33
57
89
92
91
91
90
91
59
27
23
45
67
61
63
33
27
9
24
23
26
33
38
33
19
20
21
18
26
35
36
20
11
4
17
40
78
92
97
89
75
70
67
82
87
98
84
80
81
95
92
87
78
76
65
54
51
60
59
56
55
63
65
71
76
89
94
99
89
68
62
62
68
57
59
64
72
69
62
55
50
36
18
18
15
26
54
76
76
76
80
88
88
69
36
15
5
5
6
13
18
16
15
10
5
33
65
95
75
72
69
87
81
87
74
66
34
21
15
38
53
48
44
26
33
44
44
33
21
13
21
25
46
55
73
80
94
89
88
81
76
51
24
2
0
0
3
13
27
37
33
31
32
37
30
39
51
78
90
100
100
86
80
76
80
76
74
84
94
100
69
37
12
10
8
0
0
0
9
26
26
16
0
21
48
72
70
78
82
83
76
82
92
90
87
81
76
58
45
52
41
33
14
16
12
29
29
37
22
12
0
0
0
0
0
1
5
6
12
7
21
14
20
25
44
52
46
51
57
63
68
82
96
93
83
83
72
76
61
41
17
5
35
52
64
46
47
47
52
63
75
82
77
83
89
98
95
81
64
63
50
66
71
96
68
61
51
65
65
68
65
57
51
50
37
27
22
22
16
5
7
34
67
90
93
86
79
70
75
79
91
83
85
79
71
49
40
57
68
65
52
31
22
8
8
3
13
41
59
58
44
37
42
28
14
0
4
15
15
23
31
64
85
99
94
92
82
81
78
88
93
98
94
95
91
67
36
15
23
35
39
42
36
31
13
13
7
3
13
71
87
76
58
32
25
34
34
35
24
14
12
16
30
44
48
43
32
23
14
20
20
28
36
39
40
38
48
55
40
33
21
50
52
66
65
74
78
71
61
58
58
41
20
2
28
59
85
88
77
54
39
31
29
21
8
5
0
0
0
33
33
33
0
13
27
39
29
29
35
49
44
33
24
48
74
91
77
71
67
82
65
66
56
59
49
48
57
62
55
47
46
32
39
56
88
100
98
98
87
71
50
25
11
0
5
9
9
9
4
15
28
37
50
62
81
97
97
100
100
91
83
75
76
68
65
74
79
91
78
85
84
93
91
92
83
69
53
41
26
20
34
66
74
80
75
77
64
46
37
30
28
21
17
9
3
0
0
0
1
4
29
35
55
35
41
29
33
23
33
34
59
52
40
17
5
0
20
49
67
66
70
78
92
92
98
89
72
69
60
44
15
10
27
42
39
54
59
84
85
100
93
92
91
91
78
78
86
88
76
63
60
66
46
24
1
13
13
29
45
68
76
72
59
42
30
31
48
71
93
81
48
14
0
0
0
0
0
3
17
26
38
50
61
69
61
67
77
84
71
51
33
31
35
40
34
26
22
25
17
9
33
58
76
77
76
74
47
22
7
0
7
10
10
3
0
0
9
32
65
90
88
88
71
63
44
61
74
94
94
88
64
31
9
31
48
56
42
25
18
34
45
70
54
54
37
29
28
32
36
33
31
25
20
13
8
6
28
45
51
42
43
50
35
15
11
14
47
52
54
27
27
33
38
63
71
89
80
64
48
58
55
59
36
38
39
44
48
53
58
58
61
68
69
76
86
100
100
100
100
100
78
65
63
72
50
40
42
37
20
13
24
45
65
81
92
89
89
75
71
59
57
41
38
25
21
17
13
10
2
2
0
0
8
25
39
40
32
28
27
17
10
0
0
6
5
17
16
34
47
57
60
64
75
90
96
100
100
99
99
99
99
76
61
38
47
61
78
89
88
94
97
98
97
98
99
82
64
47
41
32
15
12
20
33
36
22
9
0
29
29
41
38
41
45
49
58
80
76
79
61
59
47
43
29
29
32
39
37
23
11
4
7
7
7
17
32
43
31
50
67
100
75
63
44
47
36
29
23
14
8
4
3
20
38
69
79
92
94
99
99
93
86
77
83
91
100
96
89
88
92
98
85
85
85
100
96
81
81
60
53
46
68
84
81
53
33
10
17
10
9
0
6
22
22
20
24
28
38
20
25
15
27
30
43
53
50
42
16
38
66
99
76
64
55
65
57
54
50
55
59
42
53
27
27
3
29
50
66
58
55
64
71
88
81
85
85
91
93
91
95
83
71
68
47
28
0
7
15
38
31
35
17
24
20
26
20
13
13
9
14
7
24
27
37
54
70
78
76
77
88
91
90
90
90
92
83
75
68
67
72
60
41
15
4
0
5
9
9
4
5
5
6
4
9
22
29
47
50
73
81
87
87
87
100
89
73
69
70
66
56
64
78
76
58
48
44
29
20
11
19
33
39
50
42
31
17
8
22
16
14
6
7
13
26
37
42
44
54
61
69
68
76
73
86
81
65
49
42
38
28
20
34
38
56
49
50
46
47
40
20
8
4
4
13
14
23
35
33
35
10
32
44
77
60
55
50
69
64
68
79
73
47
13
6
26
27
42
42
62
66
69
80
84
81
77
80
81
85
87
79
63
41
59
76
100
100
99
99
90
94
74
60
54
51
68
55
75
71
91
67
43
34
32
39
33
48
55
60
51
44
37
44
53
52
51
36
18
7
0
14
28
61
80
94
89
90
87
86
86
95
100
93
59
26
16
32
42
37
41
50
58
55
52
66
75
93
81
59
29
13
10
17
26
30
19
17
12
12
8
36
64
70
44
28
13
10
4
8
14
15
40
46
61
41
54
34
31
16
20
17
16
11
7
0
22
35
36
23
42
53
52
44
60
71
84
87
94
88
81
80
69
60
67
73
89
55
50
30
61
63
60
41
33
23
49
76
92
88
89
87
90
70
60
64
85
85
52
19
19
28
43
43
59
59
62
58
65
64
67
72
74
67
64
48
42
24
20
14
15
14
10
5
2
0
15
30
41
32
42
64
91
100
100
80
70
56
57
53
53
58
62
55
55
65
80
85
65
53
44
47
35
20
6
30
30
27
29
34
53
24
19
2
8
20
30
27
25
15
12
2
24
45
78
87
92
92
86
63
63
71
67
46
43
52
68
64
73
67
53
60
59
70
59
56
41
27
20
31
36
28
24
20
12
4
0
16
37
55
61
51
42
25
38
44
62
74
85
80
73
64
50
31
19
20
13
6
0
0
6
11
20
17
15
8
6
17
25
24
43
66
97
93
86
81
75
70
65
61
56
70
85
100
100
66
33
33
66
90
82
66
48
29
35
51
68
64
74
53
35
4
6
17
16
13
0
0
0
13
19
26
15
15
28
36
46
59
77
92
86
93
87
93
93
94
80
75
62
51
23
8
11
11
17
8
17
20
33
50
71
82
57
30
1
0
0
11
22
30
18
17
10
26
26
47
65
76
77
70
76
82
82
85
77
85
85
90
92
89
96
66
65
40
57
52
51
54
54
65
77
88
89
80
72
76
88
81
55
37
45
66
85
62
33
0
9
24
51
46
37
23
27
29
28
28
28
25
20
10
6
5
5
4
1
1
1
1
5
7
6
2
0
6
12
17
11
7
36
69
90
65
56
65
90
96
79
46
19
30
43
57
53
61
70
69
68
59
51
59
69
75
70
79
84
84
61
33
16
5
5
2
2
13
35
56
67
74
72
63
64
67
69
77
88
100
77
55
22
28
51
84
96
92
85
84
88
95
100
99
95
82
67
71
70
72
58
68
83
100
100
100
100
86
65
50
44
43
35
24
22
27
31
20
9
0
6
6
7
7
13
21
28
25
16
4
5
5
9
6
11
6
23
40
60
64
72
84
97
100
100
100
100
100
100
90
74
46
26
19
27
30
26
18
20
20
15
24
47
63
55
43
47
71
86
93
60
29
1
11
11
11
5
17
18
28
34
43
59
70
82
65
52
52
64
53
39
32
27
24
19
32
39
41
61
70
63
38
22
35
44
37
18
