52.6
55.6
59.0
55.1
71.4
72.1
72.5
66.0
62.3
60.9
64.0
62.9
52.3
47.9
36.0
42.6
50.8
48.8
50.7
48.4
50.6
50.6
48.8
47.1
43.4
43.0
44.1
48.6
48.6
46.7
52.7
52.5
52.0
49.6
57.7
56.5
52.6
53.4
57.5
52.1
49.5
49.2
44.8
51.4
43.7
42.5
46.6
46.6
45.9
43.7
44.8
45.0
43.6
38.3
34.6
45.9
48.9
36.1
37.0
39.3
43.1
43.6
43.6
48.1
45.2
51.7
51.7
45.8
53.1
44.7
47.8
49.9
50.1
48.7
44.4
47.4
43.9
46.1
55.6
56.7
57.7
50.8
57.4
53.7
51.1
61.5
59.9
55.9
50.4
45.3
48.5
49.8
59.0
50.6
50.6
51.3
49.2
52.8
53.1
55.6
60.1
63.0
62.3
62.6
62.4
60.4
60.3
59.2
59.2
56.0
61.1
62.2
60.1
56.7
58.6
62.4
62.4
65.1
66.8
63.9
66.2
67.2
62.4
62.0
62.6
58.1
49.3
46.2
53.6
52.2
50.9
49.1
49.1
46.5
43.1
40.3
42.5
38.1
45.7
25.3
27.4
35.3
50.0
49.1
58.3
50.0
52.7
48.6
54.6
57.7
57.7
57.7
60.7
63.8
65.7
60.6
57.7
57.7
51.1
59.9
50.2
49.7
55.2
52.7
55.6
60.1
53.5
58.8
57.4
53.6
54.2
55.5
56.3
59.3
54.8
51.0
52.4
60.9
59.3
48.5
54.0
49.4
42.4
43.4
33.8
37.6
34.2
36.0
35.1
42.0
41.8
43.4
41.1
41.1
47.3
47.3
47.9
49.2
45.2
48.2
51.2
47.6
59.1
58.4
52.0
53.4
47.4
45.9
44.2
44.3
54.7
58.9
40.1
39.9
46.3
38.1
43.1
43.3
34.7
41.7
41.9
39.1
37.6
38.7
39.2
43.8
43.8
46.4
44.8
35.9
35.9
35.2
36.1
36.1
36.1
34.7
35.4
42.2
44.3
47.3
45.7
46.1
44.0
47.4
43.7
43.7
44.5
47.1
47.5
49.1
55.6
51.1
51.9
48.9
48.2
51.8
51.5
39.3
37.9
49.4
29.3
35.3
35.5
35.3
35.2
32.0
33.7
37.2
35.3
35.7
35.7
36.0
36.2
33.7
39.0
33.5
35.7
39.7
43.0
46.7
38.4
46.2
39.6
39.6
44.9
45.1
37.6
44.5
38.7
30.3
31.1
34.8
41.7
35.8
36.0
37.1
30.2
33.1
37.1
40.9
44.1
43.0
44.6
44.3
46.8
50.5
50.7
48.9
48.9
45.0
44.9
44.4
49.1
42.5
46.3
40.9
47.3
47.4
49.0
49.0
47.3
55.2
49.9
53.1
51.6
53.2
52.3
54.9
64.1
59.9
61.2
60.6
65.8
56.9
55.9
56.5
52.4
49.3
55.9
51.6
51.2
51.0
45.0
51.3
51.3
47.9
40.7
49.3
49.6
50.0
38.6
52.3
44.5
44.7
53.3
53.3
50.4
49.3
49.3
50.1
49.4
45.7
39.8
41.2
49.4
49.8
53.5
44.9
52.4
54.5
48.7
49.7
44.6
44.8
44.7
52.4
46.2
55.8
47.3
47.3
54.3
46.8
53.8
53.8
54.1
49.2
49.1
51.8
48.9
56.1
55.9
60.4
56.6
62.1
58.3
66.1
63.9
65.6
69.6
69.1
66.4
64.8
64.8
64.9
66.4
70.6
69.8
68.2
69.4
69.2
68.7
68.0
57.8
71.7
70.6
59.9
64.1
61.6
64.4
62.4
60.2
64.9
62.5
61.0
67.9
64.1
70.2
70.2
70.2
71.2
67.4
69.9
68.5
66.0
66.0
66.0
65.1
60.8
57.9
62.0
65.3
59.6
66.8
61.6
58.4
57.4
57.7
50.8
59.5
56.9
60.3
52.0
52.6
57.9
57.9
58.9
54.4
51.6
51.8
56.2
57.2
58.1
56.1
59.2
55.8
54.4
60.1
61.0
60.4
54.6
54.4
54.5
54.4
50.3
54.3
54.4
49.4
55.3
48.7
56.3
48.6
57.4
52.3
61.1
63.9
61.6
56.1
55.3
58.5
71.7
74.4
73.5
63.8
60.8
53.4
51.2
51.2
52.4
49.4
45.3
50.1
50.2
53.6
53.1
54.5
51.7
55.1
47.3
49.9
51.3
55.9
55.9
59.7
66.9
62.0
60.9
56.3
60.0
43.4
46.6
48.2
49.4
50.2
51.4
52.3
52.4
52.4
52.3
61.3
52.7
52.2
58.9
61.3
53.6
56.0
57.6
53.0
52.9
52.9
57.2
56.1
49.8
52.7
47.4
52.6
50.6
44.8
44.8
50.3
50.6
43.6
52.2
43.9
47.0
48.0
42.1
44.0
45.6
47.7
44.0
48.7
47.1
49.3
47.0
46.9
51.7
41.0
45.6
40.9
30.1
36.3
36.3
36.3
34.7
41.4
41.8
34.8
38.0
40.0
33.6
32.5
35.6
34.9
32.3
34.7
36.9
32.3
38.6
45.5
48.9
48.1
46.7
54.1
48.5
49.3
51.8
49.0
44.7
48.8
44.0
47.2
43.6
46.6
46.1
49.8
51.5
47.0
49.9
43.1
55.4
58.1
52.0
53.8
57.6
45.8
42.4
45.5
47.0
43.7
44.9
45.1
55.9
57.6
57.2
51.2
39.7
45.4
44.6
46.2
47.3
48.3
54.3
62.1
57.9
63.8
57.2
57.1
55.5
56.0
55.6
55.1
59.0
59.6
57.9
57.9
57.9
58.0
61.4
61.1
62.5
64.1
65.6
57.8
59.7
61.1
63.6
61.3
61.9
61.1
59.6
60.3
58.1
56.0
55.1
59.2
55.2
53.9
49.0
49.9
55.6
51.4
57.0
49.7
52.3
60.2
59.2
55.7
52.1
51.0
61.4
61.4
61.4
62.1
74.1
84.1
84.1
75.9
67.9
64.8
54.7
74.2
74.2
64.0
57.0
53.5
49.8
56.1
55.2
54.4
51.9
51.2
58.3
52.4
62.0
61.7
60.1
62.3
59.4
53.9
53.2
53.6
53.1
47.9
53.6
54.2
54.2
54.7
52.0
53.6
55.1
50.9
53.3
49.9
45.6
48.4
47.5
44.8
43.0
48.3
52.4
54.0
50.1
54.5
48.6
52.7
50.4
51.6
49.6
51.5
50.5
53.4
49.9
52.8
55.1
50.5
47.8
46.9
55.1
53.1
54.2
49.0
55.5
52.5
55.4
57.2
50.0
53.1
45.7
48.8
48.8
53.0
48.7
50.5
53.1
44.0
48.4
43.1
49.7
49.7
47.7
46.8
49.3
43.9
43.9
50.3
42.1
43.3
41.0
45.2
54.2
56.0
43.8
44.5
48.4
46.8
44.2
48.9
49.9
51.9
43.7
51.4
48.3
46.7
47.6
48.7
48.3
47.8
43.7
44.0
50.3
51.1
51.9
47.3
48.4
47.3
43.5
46.6
48.5
53.1
46.4
51.0
51.0
51.0
41.7
50.2
50.2
52.0
49.2
47.2
56.2
47.8
58.6
54.6
60.3
56.1
61.2
57.6
61.3
58.4
62.0
65.1
58.0
56.8
54.6
52.7
54.8
47.9
53.8
53.8
53.2
53.8
46.6
53.3
48.4
49.4
54.5
53.7
44.7
50.8
44.1
44.1
45.0
53.1
46.0
42.4
47.7
47.7
46.6
46.6
42.2
42.4
46.8
40.9
41.3
48.5
43.3
42.7
39.4
47.0
48.5
44.5
45.8
44.3
47.9
51.3
46.8
53.1
51.9
36.7
40.8
43.7
50.0
52.7
52.6
52.7
52.9
52.9
47.5
53.1
53.5
53.5
49.0
50.0
45.3
50.4
51.1
45.8
52.0
51.4
48.2
51.2
48.1
43.3
46.4
48.4
48.4
48.4
51.0
51.0
51.3
47.4
52.4
50.4
52.5
48.9
34.6
50.6
41.7
43.9
50.0
50.5
51.4
51.4
55.8
68.0
67.0
66.7
57.1
55.8
48.2
56.0
56.7
56.8
57.1
50.8
56.5
53.5
56.2
60.5
53.3
57.5
57.5
61.7
66.9
64.8
61.3
65.2
63.7
67.1
70.2
69.8
62.6
54.4
65.6
65.3
56.6
62.4
58.4
58.3
59.4
63.1
58.9
61.7
60.8
62.1
66.0
58.4
63.2
60.6
62.0
56.6
64.5
58.1
57.2
54.2
58.0
57.8
57.8
57.0
51.4
51.3
59.0
52.0
62.0
53.6
56.7
52.7
55.9
55.3
61.1
61.1
61.0
68.2
59.5
60.2
51.8
53.5
53.5
53.9
48.2
55.1
51.4
51.6
49.0
56.7
59.0
54.3
62.0
52.7
51.2
52.2
56.6
56.4
52.1
48.9
56.1
57.0
53.8
56.1
58.1
58.0
52.8
56.2
42.5
46.0
45.7
49.9
50.3
52.6
50.5
50.5
50.2
49.9
50.2
42.5
44.6
49.1
48.0
44.1
45.2
46.3
45.8
45.8
49.0
46.7
48.1
49.2
40.4
38.1
49.0
49.7
49.7
49.4
49.3
49.5
44.3
47.6
46.5
49.3
39.4
35.2
42.9
45.6
49.9
49.9
42.3
49.3
45.6
41.4
49.1
43.1
43.8
46.4
47.1
47.1
39.7
37.7
45.4
34.8
34.6
37.2
31.3
34.3
34.3
37.3
41.8
45.6
49.1
48.6
50.7
55.3
61.7
60.5
53.9
61.0
54.9
51.3
55.7
55.3
50.3
55.1
47.2
57.9
55.3
56.3
53.1
46.8
49.3
56.8
62.6
63.8
65.2
64.5
67.4
66.3
69.6
68.7
59.5
56.3
51.1
58.9
58.9
58.9
58.4
57.2
57.2
63.2
63.3
57.7
63.6
62.0
61.9
63.0
67.2
68.1
67.9
71.0
68.7
68.7
66.6
63.7
58.9
58.9
57.9
54.1
48.2
53.4
58.6
58.6
52.7
60.8
58.3
53.9
65.0
60.1
49.0
48.2
56.5
56.4
55.7
56.6
56.0
54.1
53.3
48.5
42.6
48.1
49.0
50.2
46.8
56.9
56.9
56.9
45.4
44.9
44.0
53.7
52.2
46.9
46.9
58.6
58.8
55.5
55.5
49.4
49.4
48.0
48.6
48.5
34.3
46.3
49.1
41.9
45.1
45.2
45.3
29.7
30.8
37.5
31.7
25.2
24.3
25.5
30.1
36.1
36.5
36.8
31.7
32.3
34.1
35.5
43.0
49.0
54.0
43.1
44.4
37.2
42.7
39.7
45.6
42.8
40.5
42.5
45.7
43.3
42.6
46.2
40.9
46.2
49.0
49.1
44.7
44.7
47.5
41.1
41.6
41.0
41.3
42.1
34.9
36.2
36.2
40.9
41.0
40.7
32.8
35.8
37.3
37.2
39.7
32.6
29.4
30.0
37.1
26.5
27.8
26.7
29.8
34.0
37.6
41.1
41.8
43.1
41.4
41.4
47.9
50.3
51.8
48.0
44.5
46.9
47.6
33.6
39.9
38.8
47.4
49.5
49.8
43.2
49.7
49.6
51.3
42.2
34.5
41.3
31.4
39.8
37.4
38.7
38.7
43.1
37.9
37.9
43.1
36.3
38.1
40.7
38.1
31.5
33.3
37.9
26.4
30.1
34.7
40.5
39.7
40.0
40.2
35.2
32.7
40.6
27.7
31.4
37.3
39.2
39.2
39.0
44.0
36.6
36.6
40.1
40.4
46.0
46.8
44.9
47.0
54.7
50.6
62.1
62.6
62.5
61.2
61.8
75.6
72.4
64.2
61.1
59.4
59.2
59.2
58.3
58.3
55.3
52.7
52.4
48.3
52.5
51.6
50.9
51.0
48.2
40.1
46.3
50.8
52.8
53.2
53.3
51.8
50.4
49.4
53.6
45.8
53.8
54.2
54.2
45.4
54.1
54.8
53.0
42.4
46.9
47.1
52.2
52.4
57.9
52.2
51.8
49.6
50.3
49.6
49.6
51.8
45.1
53.6
55.3
44.4
44.1
43.6
56.5
56.9
56.7
53.0
58.5
51.7
54.4
56.2
55.1
62.5
63.5
58.7
59.0
59.1
59.1
56.9
54.9
57.6
60.4
46.9
53.4
46.3
46.3
53.3
46.9
53.4
53.4
54.0
45.8
43.2
49.5
45.9
41.5
46.9
48.7
55.1
42.5
45.7
45.7
46.3
48.2
49.7
43.5
39.8
43.1
43.7
48.1
41.9
41.9
51.9
51.2
50.6
43.4
43.5
44.0
44.9
42.6
43.4
44.5
34.4
38.1
39.4
39.2
43.4
41.8
45.7
54.6
49.5
54.0
50.2
50.2
50.2
50.3
42.0
41.2
50.8
52.1
49.7
49.8
45.4
51.8
49.2
47.3
51.8
41.2
52.7
52.0
53.3
54.9
50.9
51.3
51.2
48.4
40.4
43.8
38.6
38.9
48.1
51.1
47.6
48.9
44.2
35.2
41.3
36.4
39.0
41.3
32.2
39.9
39.5
36.2
36.3
38.8
39.9
43.1
45.8
47.7
47.9
47.7
54.5
55.0
48.9
48.9
63.7
51.7
47.0
46.9
47.9
53.0
68.4
57.6
54.4
50.0
49.0
49.0
47.5
48.9
50.4
47.5
48.6
47.4
48.5
43.3
49.0
49.1
49.1
48.0
51.9
50.2
42.7
46.8
40.9
45.5
43.5
42.9
44.3
43.3
47.2
35.2
35.3
44.5
50.8
48.1
49.0
48.0
48.0
54.8
54.8
48.2
48.2
57.1
51.3
46.4
47.3
45.4
46.6
46.1
43.1
43.3
39.5
42.6
42.0
43.1
45.0
51.2
50.9
47.8
47.8
47.8
39.9
46.5
42.0
49.7
45.0
36.2
35.4
37.9
26.1
28.1
28.1
28.4
32.5
34.9
38.0
35.1
38.4
38.6
39.6
41.1
35.1
43.9
25.5
25.3
29.6
29.6
29.6
29.6
34.1
46.4
37.2
34.2
36.7
38.3
39.3
32.9
41.4
42.6
42.7
39.6
44.0
45.0
56.6
45.5
46.2
58.6
58.5
58.7
58.7
57.5
47.4
54.2
49.7
51.5
50.0
53.3
50.3
50.1
54.1
48.3
47.2
50.1
47.1
52.4
48.6
47.0
45.3
53.7
54.2
54.4
50.6
50.8
52.7
50.6
52.4
55.4
56.9
53.9
53.8
53.8
54.8
56.7
56.7
56.1
55.1
55.3
55.6
56.1
52.4
53.9
53.9
50.8
50.6
47.8
53.4
56.9
63.3
59.0
61.7
68.8
62.9
75.1
71.8
71.7
60.5
59.3
62.6
57.5
53.6
60.9
59.5
63.6
65.5
62.5
69.2
66.4
63.9
47.1
59.9
63.0
62.2
61.2
58.3
58.3
58.3
57.8
57.8
60.5
57.7
56.7
54.3
51.1
56.3
61.5
60.3
52.3
56.6
55.6
55.6
57.7
54.0
63.9
58.7
69.2
63.1
53.7
57.6
57.1
42.2
42.2
45.7
45.2
41.6
44.9
42.3
46.5
43.4
46.0
43.3
43.3
43.3
43.3
51.7
50.8
51.8
44.8
45.6
44.7
45.5
50.4
45.9
45.9
50.0
48.4
48.1
48.8
47.7
48.2
47.2
47.7
48.7
47.1
45.2
47.0
44.3
48.6
49.7
50.6
54.4
54.8
47.1
49.3
46.3
46.1
54.5
46.0
51.2
44.4
52.2
56.7
46.3
47.9
40.2
41.5
43.4
44.0
46.7
45.4
38.2
38.5
35.2
43.9
40.3
36.9
41.4
29.5
25.0
26.6
26.2
32.6
35.9
31.8
34.0
29.3
29.3
29.4
29.0
22.9
26.8
27.3
27.8
26.8
27.9
31.7
33.4
34.9
35.3
31.2
33.0
35.5
31.5
34.9
32.6
36.9
26.9
30.9
24.9
27.7
26.3
26.8
26.6
25.3
30.2
30.3
30.2
35.9
38.9
44.1
52.5
45.2
47.8
50.5
52.3
52.5
53.5
53.3
53.3
51.7
52.8
47.5
55.8
55.6
51.4
50.3
44.5
49.9
43.8
47.2
54.9
50.9
41.8
38.5
42.2
45.8
49.8
49.8
50.4
44.0
50.0
50.1
50.1
43.7
49.6
49.6
47.7
48.0
48.6
49.0
50.3
46.8
44.2
44.9
49.0
52.3
52.5
58.8
56.5
56.5
52.3
49.4
57.4
50.5
59.5
59.5
59.5
55.6
62.3
59.4
55.3
62.0
60.2
60.2
64.7
52.8
61.7
66.0
67.3
76.8
72.8
70.8
57.9
54.1
59.0
50.0
56.9
55.2
57.3
56.8
54.7
57.3
55.1
54.8
54.8
52.1
46.0
42.2
44.8
46.5
45.8
47.2
43.3
44.4
42.1
38.4
41.5
41.0
48.2
48.4
53.5
53.5
53.5
48.5
53.8
46.7
48.5
49.0
47.2
53.2
52.8
50.5
50.1
49.4
50.7
60.8
52.1
50.4
55.7
51.7
62.2
52.5
45.5
47.2
39.5
40.7
45.0
44.1
45.5
44.2
36.2
39.8
42.7
42.9
39.4
40.5
42.2
43.5
43.6
44.9
44.9
47.3
44.5
45.6
47.9
48.1
38.6
46.5
45.1
55.3
53.3
43.9
43.9
53.1
53.1
54.4
52.9
50.3
53.0
50.7
50.6
58.6
60.6
66.8
66.6
71.4
66.3
65.9
63.3
50.3
60.1
55.0
47.9
57.3
57.3
57.3
49.4
54.8
50.7
59.9
57.3
57.3
57.8
56.5
59.2
59.8
57.2
51.9
53.3
56.8
55.3
55.3
49.8
43.1
46.0
48.3
48.8
42.8
48.1
48.1
47.4
47.4
47.4
47.2
48.5
47.3
51.5
53.7
49.7
49.3
51.6
52.8
51.4
58.5
59.5
57.7
51.0
47.3
45.7
52.2
46.8
57.1
56.5
53.5
54.5
54.5
52.2
58.8
54.2
46.9
57.0
55.5
59.1
52.4
57.9
58.7
82.6
79.9
78.7
78.1
80.3
62.7
58.9
68.4
69.0
67.6
67.6
67.6
67.5
67.6
67.1
68.0
68.0
64.8
61.8
63.2
61.4
56.4
67.7
60.2
72.7
59.8
55.3
52.7
57.8
42.8
38.5
54.1
43.0
43.0
43.0
43.0
43.0
43.0
43.1
53.4
48.5
43.9
45.4
45.4
48.2
42.7
50.6
50.6
53.8
52.4
52.4
45.3
53.6
53.6
52.9
52.9
43.1
53.0
53.0
53.0
53.0
52.9
44.4
43.0
41.4
43.4
48.5
48.5
42.5
49.5
45.0
53.2
50.6
53.4
47.6
51.0
53.9
56.2
52.0
56.2
56.2
56.2
56.2
53.3
53.3
53.2
56.2
49.1
54.1
46.5
53.5
57.0
68.0
66.9
63.9
64.0
63.9
64.4
68.0
68.6
71.1
68.4
61.3
69.1
60.1
55.2
55.2
54.8
60.9
60.9
54.6
64.6
62.3
63.1
67.4
48.6
60.4
62.2
61.7
60.7
59.3
53.1
52.5
56.1
56.1
55.4
47.3
59.1
48.0
48.6
48.6
48.6
58.8
58.8
58.8
58.8
58.8
58.8
56.5
54.6
47.0
52.5
52.6
47.5
47.8
46.6
47.6
54.3
45.9
54.4
43.1
43.1
49.8
42.0
49.2
49.2
49.2
49.2
49.1
44.1
51.1
42.7
42.9
46.6
46.6
42.6
42.5
49.1
47.5
41.0
48.0
43.5
47.3
48.0
43.7
42.0
43.3
50.2
50.2
50.2
50.1
47.0
47.0
42.7
43.1
49.1
46.1
46.2
48.6
49.6
44.8
50.8
50.7
48.4
45.9
45.1
39.1
47.1
44.4
50.0
50.4
42.7
49.9
49.9
49.9
42.8
43.5
49.7
40.7
41.5
47.6
44.8
50.0
44.0
45.5
50.9
45.5
51.5
56.6
52.1
43.2
48.4
52.4
52.4
42.3
44.2
51.5
51.5
50.4
50.4
43.2
49.9
49.9
49.6
38.9
44.9
43.3
33.7
37.9
35.9
40.3
40.3
38.4
53.8
52.0
44.1
48.7
48.7
55.9
55.9
53.9
53.9
53.9
53.9
53.9
53.9
53.8
53.8
53.8
53.8
46.4
45.4
48.9
48.9
55.1
61.6
59.1
54.4
55.9
51.6
51.6
56.3
48.8
60.2
58.8
58.8
64.0
64.0
64.0
64.0
63.5
63.1
59.9
63.8
58.0
65.4
62.3
50.1
66.9
64.7
59.7
59.6
46.6
46.6
40.6
42.4
45.0
45.0
45.0
51.8
51.8
51.8
50.8
51.0
50.3
39.7
39.7
41.6
38.9
41.8
40.3
34.8
34.7
36.1
27.9
31.7
47.5
49.2
42.9
35.1
42.6
42.6
38.7
38.7
31.5
31.5
35.0
34.2
34.7
38.5
38.5
38.5
35.9
41.2
44.6
45.5
45.5
49.3
39.8
46.1
48.9
36.0
36.0
46.0
46.0
46.0
46.0
46.0
41.6
34.7
34.1
34.1
41.5
38.6
40.6
44.7
45.7
52.0
49.2
51.5
49.4
49.4
47.5
53.6
47.0
56.9
49.5
59.1
57.4
53.3
47.8
47.0
51.3
46.8
51.0
46.5
52.7
56.2
59.7
50.9
59.0
58.3
60.1
58.2
52.4
54.6
54.6
54.1
51.9
49.6
51.9
56.7
57.2
56.7
51.3
60.8
59.5
59.4
53.3
58.7
58.6
55.7
54.5
62.4
56.6
62.4
61.6
53.5
47.6
50.6
54.0
57.2
59.6
57.3
55.5
51.2
63.1
59.1
67.2
65.1
69.1
62.3
62.3
69.4
71.5
69.4
69.7
65.3
63.9
56.6
63.9
63.9
65.0
64.4
60.6
57.4
63.9
61.1
53.2
52.9
52.9
61.5
56.8
56.8
54.8
57.2
56.1
57.5
62.7
62.8
61.7
58.6
54.8
54.8
51.4
55.3
61.4
61.2
64.0
64.1
52.4
59.3
55.4
49.7
63.1
62.7
62.7
62.7
59.5
59.4
63.3
64.6
64.6
55.2
55.0
57.6
57.6
75.8
77.6
74.5
73.9
65.5
62.1
70.4
65.0
62.6
62.7
62.7
62.7
56.9
56.9
56.9
57.1
64.9
59.8
60.5
65.8
65.0
59.7
69.6
68.1
67.5
61.6
54.1
56.5
58.7
52.7
49.2
52.7
66.7
54.4
54.4
51.0
50.0
48.7
54.4
54.4
54.4
54.3
54.2
54.2
47.8
55.2
55.2
55.2
54.3
50.3
52.8
59.7
57.0
58.3
59.8
49.7
60.8
60.7
51.1
57.6
48.6
48.6
48.6
48.6
48.6
57.0
53.7
52.2
55.8
56.1
51.4
51.4
51.4
51.4
51.4
51.4
40.2
44.8
50.8
56.9
49.5
41.7
45.4
45.4
36.4
46.1
46.1
46.1
46.1
38.7
44.4
48.1
49.4
52.3
50.3
54.6
51.3
51.4
59.3
59.3
58.6
54.2
60.5
55.6
55.6
50.8
56.4
56.4
56.6
51.6
51.6
51.6
56.9
56.9
51.8
55.1
57.6
51.2
59.8
59.9
59.9
50.6
61.2
57.6
57.0
54.9
59.3
48.0
55.1
54.6
54.6
54.6
53.7
53.7
49.5
54.7
54.5
54.9
54.0
54.2
48.8
53.3
48.9
54.6
46.5
48.9
57.0
55.0
55.0
60.3
58.7
56.2
59.5
59.5
50.1
62.4
57.6
53.3
53.7
55.5
55.5
55.5
54.3
58.1
55.1
61.7
63.4
54.1
62.5
58.8
51.4
59.1
60.7
53.3
53.4
48.6
40.6
42.4
42.4
52.0
52.7
45.5
41.5
41.5
41.5
50.5
50.6
60.6
31.7
47.5
47.5
51.9
56.8
56.8
58.2
58.3
58.3
57.4
57.4
44.2
43.2
58.7
57.1
57.1
52.6
52.6
52.6
52.6
53.6
53.6
56.7
56.7
56.7
43.4
51.7
58.9
58.5
54.3
54.3
55.4
54.6
56.5
51.7
51.1
66.6
53.0
53.1
53.1
58.3
54.0
54.0
54.0
54.0
54.5
54.2
57.9
54.8
54.8
53.4
53.4
51.5
47.9
59.5
59.6
59.6
53.8
53.7
53.7
45.2
53.2
43.7
50.5
55.1
51.0
42.2
42.2
50.0
49.5
53.3
55.3
57.3
53.5
54.6
47.3
47.4
55.6
55.6
51.8
48.0
47.7
53.1
49.2
68.0
65.3
64.5
50.5
49.3
49.3
49.3
49.4
49.4
49.4
59.0
59.0
59.0
59.3
65.1
63.4
58.5
59.0
52.8
52.1
52.3
61.2
60.6
54.3
59.5
53.2
60.0
60.0
52.5
52.5
52.5
48.5
52.6
56.1
53.2
53.2
62.9
59.8
60.3
56.8
53.2
60.4
59.3
50.9
60.4
52.0
60.3
53.3
51.0
61.7
59.0
59.4
58.3
46.8
47.6
47.6
47.6
59.4
59.2
58.3
56.1
49.1
47.6
46.5
47.5
53.7
45.6
47.6
47.6
50.9
46.7
57.1
45.4
44.6
44.3
44.3
44.3
44.2
44.2
44.2
44.2
44.6
44.4
50.9
43.4
49.4
51.1
51.2
46.8
51.1
46.3
52.0
54.3
54.6
44.3
56.3
56.1
56.2
56.0
48.5
47.6
47.6
56.0
56.0
56.0
46.8
47.5
47.5
49.7
49.0
53.4
49.9
49.9
56.0
53.9
47.0
54.6
49.8
50.6
59.7
48.2
48.2
54.8
47.7
47.7
47.7
47.7
47.7
56.0
47.1
47.1
51.7
51.4
48.2
48.9
51.2
55.1
46.0
45.4
51.8
58.2
43.7
44.1
52.4
45.3
44.1
44.1
44.1
44.1
53.4
53.9
53.9
44.5
55.0
55.0
53.4
53.4
53.1
54.0
54.8
46.9
46.9
56.4
54.5
46.8
55.5
46.2
51.8
57.0
58.0
58.0
58.0
46.8
46.8
46.8
46.8
54.9
54.9
54.9
48.4
48.4
48.4
55.8
48.6
50.5
48.7
45.9
53.1
48.4
49.2
46.5
49.0
41.4
42.0
50.3
50.4
50.8
46.9
46.9
46.9
50.5
50.5
47.0
50.3
52.3
44.9
48.8
46.5
46.6
41.0
48.1
40.0
52.1
28.1
36.7
37.2
34.4
51.1
47.1
47.1
47.1
47.1
47.1
47.1
47.1
47.1
47.1
46.1
45.0
41.7
38.8
43.1
40.9
45.9
54.0
55.7
53.9
45.6
45.7
45.8
54.9
54.8
55.1
46.3
46.3
55.8
55.8
50.6
50.6
50.2
46.7
46.6
56.2
57.2
57.2
45.5
50.4
61.6
54.8
46.4
46.3
54.9
54.9
56.9
45.1
43.0
53.0
53.0
53.0
53.0
53.0
54.0
54.0
54.0
51.0
48.3
54.4
54.9
54.5
46.4
58.1
58.1
56.3
58.3
55.7
53.0
45.4
47.0
56.7
48.4
56.8
48.5
48.5
47.4
47.4
50.0
50.0
57.2
57.2
51.0
50.7
53.7
55.4
55.4
52.4
48.4
53.9
55.8
54.3
54.8
42.7
56.8
54.9
57.2
57.2
60.8
50.0
50.0
49.4
49.4
49.4
49.4
49.4
49.7
56.2
49.3
49.6
55.7
55.2
51.8
54.8
55.6
48.8
57.8
40.2
46.9
43.4
43.0
43.0
48.9
38.5
38.5
38.5
38.5
38.5
38.4
43.6
51.1
42.2
44.9
51.3
44.8
52.4
52.4
57.2
58.4
54.8
41.4
53.5
54.0
50.0
42.1
42.1
51.9
54.6
54.6
54.6
54.6
42.7
56.4
55.1
52.8
53.7
57.0
51.7
60.3
51.7
64.8
61.7
61.2
56.3
55.4
55.4
45.6
45.8
45.4
45.6
45.6
45.4
45.4
45.4
56.1
56.8
45.7
56.5
53.7
45.1
45.1
50.6
52.7
53.5
52.8
52.8
55.8
54.4
49.6
49.6
49.1
59.2
47.8
47.8
47.8
47.8
47.8
46.9
46.9
46.9
46.9
46.7
46.7
54.3
47.2
52.0
56.4
56.6
48.2
47.7
47.9
48.1
56.6
48.1
53.7
47.9
49.6
49.6
57.9
58.5
58.5
49.9
49.9
49.9
49.9
49.9
58.4
58.4
51.2
51.4
56.9
52.6
54.4
56.0
52.6
50.5
50.5
56.0
52.4
57.0
48.6
46.3
54.0
45.4
55.0
44.1
44.1
44.1
44.1
53.8
53.8
53.8
47.1
54.1
50.2
60.3
58.0
51.7
52.8
49.6
37.7
37.7
37.7
53.9
40.2
55.7
53.7
53.7
53.7
53.7
53.7
53.7
53.7
50.9
46.1
46.1
46.1
50.7
45.8
46.0
46.0
46.0
46.5
51.3
53.3
46.8
55.3
44.8
47.9
57.8
47.7
47.7
47.7
47.7
47.7
47.7
47.4
46.8
46.8
46.8
53.4
46.3
61.9
55.2
55.2
54.1
58.0
53.9
40.8
50.2
61.0
63.1
57.6
55.3
55.3
55.3
55.3
55.3
55.8
55.8
56.3
56.3
51.7
48.6
54.5
47.5
56.2
56.2
42.6
42.5
59.6
53.4
51.8
36.0
40.5
41.0
50.1
58.1
42.6
42.6
43.2
43.2
43.7
43.7
43.9
43.9
42.8
42.5
49.2
49.2
49.2
48.6
41.7
49.4
49.4
40.2
48.3
51.3
51.3
36.9
36.7
36.7
51.2
51.2
51.2
49.2
49.2
49.2
49.2
49.2
45.2
45.2
48.5
46.1
46.1
52.1
49.0
49.0
49.6
44.1
51.5
42.1
48.8
47.0
51.5
46.9
55.0
54.4
54.4
54.4
54.4
54.4
54.4
54.4
54.3
50.6
50.6
56.1
49.5
57.2
54.6
54.6
50.2
50.2
53.9
53.9
55.8
55.0
48.5
58.4
48.4
48.4
48.4
60.7
60.7
49.8
49.8
49.0
54.9
53.1
54.1
51.7
50.9
50.9
54.0
50.5
54.3
61.2
58.9
44.9
44.8
55.2
48.1
51.3
50.8
51.3
50.9
55.1
55.1
55.4
55.4
52.5
52.5
50.9
49.1
51.1
60.3
65.1
57.6
59.6
46.4
45.6
54.8
53.3
33.3
39.4
44.8
36.7
42.5
32.6
32.6
37.9
46.1
46.1
46.1
37.4
49.7
49.7
49.9
53.8
53.8
53.8
59.2
53.9
52.4
52.4
44.5
58.7
58.7
58.2
58.2
59.1
58.5
57.9
58.7
58.7
58.7
58.7
49.9
47.9
47.9
52.9
63.0
63.0
52.8
54.1
54.1
54.1
54.0
54.1
48.8
49.7
53.3
46.7
46.6
56.2
52.6
52.6
52.6
46.6
46.6
46.6
51.4
46.6
51.8
51.8
51.7
52.0
41.0
42.7
43.4
39.8
45.6
51.2
51.2
57.2
51.1
45.1
54.4
42.3
56.3
56.3
51.2
51.2
51.2
51.2
51.2
52.5
53.4
53.4
47.6
50.4
51.1
52.6
40.6
46.4
49.3
43.2
44.2
47.3
49.7
50.7
43.0
43.0
43.0
43.0
43.0
43.0
43.0
47.4
48.5
40.6
40.5
40.5
40.5
39.3
44.5
39.2
40.2
43.5
35.0
37.9
37.9
40.9
40.2
42.6
35.4
35.5
35.9
38.0
38.0
38.0
38.9
33.9
37.9
37.8
30.7
31.4
32.3
30.4
45.4
46.4
45.3
45.4
48.4
50.1
50.7
46.6
43.4
52.4
61.0
61.0
57.4
59.1
55.0
81.2
84.5
75.3
63.4
65.4
67.3
58.7
58.7
55.3
51.7
63.7
63.6
62.8
57.8
55.0
53.5
49.0
54.8
42.6
41.5
43.7
46.8
43.8
49.3
42.2
42.2
48.0
40.8
42.1
42.9
46.2
46.1
40.6
49.8
45.3
51.0
49.0
43.8
48.4
48.4
43.3
52.0
54.2
53.5
53.5
65.4
65.4
61.7
61.7
61.7
62.8
67.1
67.0
64.7
66.9
63.1
57.1
57.1
55.8
62.6
62.6
58.8
55.9
53.3
46.6
55.3
49.7
41.0
41.0
41.0
41.0
47.0
47.0
47.0
47.0
47.0
39.5
41.8
44.2
34.1
34.1
34.3
42.4
42.4
37.6
28.1
34.7
38.0
33.7
37.1
52.0
60.8
64.5
64.5
64.5
64.5
64.4
64.4
64.3
64.3
64.3
58.8
61.5
59.7
59.7
57.9
60.5
60.1
69.7
79.3
77.1
63.2
81.3
85.1
78.8
88.3
65.1
65.1
65.1
65.1
65.4
65.4
65.4
65.4
65.4
65.4
65.4
60.2
60.2
60.2
60.2
58.2
58.2
49.3
49.3
56.6
49.7
49.7
69.0
62.0
51.0
48.7
48.1
48.1
48.1
48.1
48.1
48.1
48.1
48.1
47.8
57.4
57.4
57.7
49.6
49.6
54.7
54.7
56.1
58.8
49.2
49.2
59.8
65.0
48.1
48.1
66.0
66.0
