4.395
2.084
1.013
1.562
2.114
1.0
0.301
0.05
1.1
3.649
4.541
5.082
4.341
3.994
2.472
3.937
4.152
7.106
3.846
7.401
8.262
9.104
9.034
10.077
8.289
8.241
4.523
5.453
0.57
1.07
1.088
0.306
0.467
0.133
0.606
0.221
1.743
3.062
0.483
1.597
3.558
3.974
4.651
4.183
2.542
0.752
0.084
2.759
1.345
0.605
1.079
1.984
1.073
0.019
0.026
0.025
0.383
0.12
0.215
0.129
0.176
1.092
0.064
0.15
0.757
1.094
1.732
2.843
2.801
3.181
2.069
3.294
2.638
2.361
1.782
1.096
0.044
0.088
0.022
0.177
0.004
0.048
0.021
0.089
0.16
0.004
0.216
0.066
0.159
0.438
0.285
0.134
0.223
0.532
0.567
0.266
0.066
0.071
0.24
0.066
0.106
0.488
0.142
0.058
0.053
0.357
0.583
0.694
0.583
0.577
1.072
0.638
0.403
0.721
0.97
0.461
0.636
0.813
0.813
0.548
1.002
1.249
0.719
0.477
0.641
0.225
0.272
0.09
0.27
0.72
0.684
0.67
0.76
0.648
0.252
0.675
0.499
0.68
0.634
0.83
1.177
1.171
1.323
1.032
1.447
0.25
0.54
0.686
0.043
0.104
0.013
0.159
0.331
0.045
0.328
0.211
0.274
0.09
0.049
0.001
0.159
1.257
0.477
0.311
0.471
0.503
0.688
0.159
0.616
0.779
0.958
0.05
0.523
0.251
0.455
0.274
0.247
0.456
0.506
0.135
0.383
0.687
0.513
0.004
1.044
1.531
2.096
2.243
2.643
2.644
2.156
1.979
1.985
0.999
1.32
0.555
0.832
0.611
0.423
0.612
0.594
0.657
1.098
0.662
0.623
0.131
0.023
0.0
0.375
0.171
0.201
0.232
0.236
0.145
0.117
0.188
0.425
0.59
0.709
0.628
0.647
0.237
0.858
0.616
0.478
0.237
0.308
0.118
0.012
0.0
0.071
0.145
0.19
0.442
0.476
0.859
0.546
0.285
0.428
0.117
0.212
0.095
0.279
0.355
0.385
0.152
0.281
0.042
0.762
0.427
0.573
0.19
0.644
0.482
0.462
0.459
0.569
0.143
0.704
0.191
0.809
0.047
0.615
0.521
0.5
0.143
0.663
0.201
0.239
0.157
0.287
0.718
0.574
0.047
0.625
0.319
1.179
0.98
1.163
0.765
1.048
1.403
1.089
1.692
0.622
0.436
0.272
0.165
0.184
0.392
0.32
0.526
0.56
1.044
0.323
0.619
0.332
0.118
0.402
0.64
1.247
1.153
1.502
1.815
1.796
2.684
2.883
3.047
3.498
2.181
1.711
1.937
1.773
1.278
0.738
0.958
0.663
0.356
0.517
0.746
0.244
0.171
0.019
0.019
0.096
0.279
0.24
0.123
0.587
0.763
0.893
0.747
0.913
0.321
0.503
0.392
0.565
0.099
0.198
0.049
0.658
0.248
0.671
0.023
0.241
0.143
0.197
0.198
0.099
0.129
0.449
0.049
0.57
0.639
1.273
0.634
0.198
0.055
0.559
0.547
0.093
0.849
0.498
2.211
2.258
0.605
0.642
0.648
0.766
0.518
0.099
0.123
0.507
0.3
0.497
0.804
0.955
0.336
0.752
1.289
2.219
2.605
1.718
1.246
1.325
1.325
1.323
0.789
0.411
0.254
0.172
0.44
0.794
0.461
0.614
0.717
1.036
1.244
1.143
0.861
1.365
0.545
1.395
1.037
1.377
1.366
0.761
0.714
0.774
1.005
0.748
0.201
0.311
0.062
0.066
0.439
0.155
0.538
0.503
0.516
0.419
0.728
0.911
0.818
0.849
0.36
0.544
0.521
0.514
0.096
0.096
0.154
0.355
0.101
0.385
0.051
0.206
0.387
0.455
0.362
0.468
0.96
0.305
0.2
0.128
0.301
0.386
0.247
0.36
0.126
0.181
0.212
0.952
0.387
0.431
1.091
0.467
0.674
0.599
0.311
0.119
0.0
0.414
0.274
0.568
0.132
0.262
0.078
0.58
0.966
0.872
0.942
1.183
1.376
0.756
0.625
0.841
0.414
0.007
0.242
0.315
0.194
0.169
0.005
0.001
0.391
0.261
0.494
0.183
0.418
0.785
0.496
0.005
0.179
0.001
0.729
0.105
0.289
0.605
1.004
0.789
0.526
0.577
0.001
0.736
0.009
0.471
0.654
0.55
0.105
0.215
0.48
0.637
0.353
0.485
0.589
1.218
0.866
0.081
0.372
0.016
0.364
0.06
0.105
0.253
0.132
0.0
0.076
0.422
0.158
0.371
0.15
0.323
0.257
0.567
0.525
0.09
0.67
0.473
0.515
0.797
0.472
0.63
0.863
1.006
0.733
1.182
1.578
1.925
1.075
0.966
2.33
1.397
2.03
1.504
2.19
1.603
0.134
0.268
0.16
1.017
0.323
0.618
0.015
0.791
0.995
0.021
0.649
0.919
1.165
0.716
1.473
1.24
1.103
1.005
1.139
0.431
0.216
0.135
0.281
0.918
1.079
0.211
0.54
0.864
0.163
0.216
0.217
0.108
0.139
0.38
0.617
0.597
0.336
0.112
0.189
1.024
0.054
0.54
0.54
0.276
0.487
0.817
1.054
0.08
0.536
0.536
0.588
0.324
1.083
0.433
0.491
0.46
0.46
0.27
0.721
0.264
0.506
0.778
0.148
0.646
0.652
0.054
0.108
1.17
1.039
0.773
1.704
0.697
0.371
1.197
1.07
0.843
0.142
0.0
0.069
0.775
0.453
1.194
0.559
2.21
2.42
4.392
3.919
3.584
3.291
3.75
2.442
2.594
1.179
1.002
1.061
0.771
0.18
0.066
0.18
1.422
1.965
0.763
0.256
0.927
2.824
2.752
2.005
2.386
1.353
0.903
0.0
0.123
1.351
2.584
2.461
2.454
1.873
2.412
2.19
0.0
1.095
1.485
0.68
2.254
2.538
3.442
2.639
2.702
2.631
1.693
1.372
1.959
1.436
1.172
1.021
1.9
2.048
2.702
1.905
2.934
2.567
1.952
1.789
1.411
0.741
0.54
0.0
0.404
0.647
0.134
0.576
0.579
0.493
0.226
0.005
0.271
0.794
0.517
0.908
1.183
1.518
1.306
2.093
1.481
1.206
1.486
1.401
1.124
1.117
1.107
1.602
0.727
1.221
1.276
0.166
0.226
0.062
0.379
0.141
0.13
0.227
0.111
0.057
0.918
1.245
0.771
0.495
0.358
0.584
0.78
0.441
0.25
0.036
0.433
0.139
0.111
0.0
0.442
0.266
0.493
0.411
0.218
0.033
0.492
0.414
0.671
0.67
0.768
0.755
1.23
0.342
1.003
0.691
0.134
0.223
0.105
0.318
0.149
0.558
0.134
0.575
0.055
0.027
0.279
0.006
0.142
0.227
0.415
0.078
0.36
0.618
0.342
0.479
0.703
0.835
0.162
0.134
0.339
0.453
0.084
1.061
0.254
0.095
0.196
0.846
0.224
0.164
0.507
0.864
1.47
0.941
0.431
0.478
0.622
0.105
0.056
0.43
1.27
0.768
0.591
0.241
0.386
0.016
0.189
0.139
0.031
0.353
0.188
0.004
0.044
0.133
0.31
0.322
0.029
0.18
0.068
0.056
0.589
0.536
0.526
0.774
0.246
1.542
1.481
1.338
0.578
0.568
0.594
0.596
0.807
0.991
0.0
0.256
0.315
1.245
1.414
1.502
1.511
1.266
1.415
0.69
2.011
2.577
0.991
0.143
0.115
0.098
0.083
0.259
0.193
1.436
1.733
0.944
0.32
0.236
0.344
0.094
0.287
0.15
0.224
0.623
0.146
0.654
0.452
0.406
0.005
0.172
0.229
0.078
0.0
0.255
0.206
0.057
0.401
0.202
0.426
0.143
0.359
0.402
0.025
0.137
0.16
0.056
0.316
0.31
0.372
0.114
0.343
0.514
0.4
0.241
0.057
0.074
0.12
0.342
0.342
0.056
0.196
0.194
0.685
0.337
0.211
0.022
0.286
0.284
0.182
0.655
0.818
0.568
1.075
0.907
1.232
1.077
0.134
0.025
0.915
0.859
0.686
1.774
1.602
1.002
1.202
0.438
0.125
1.186
0.872
0.143
0.572
0.987
0.357
1.087
1.083
1.288
2.483
2.617
1.662
1.456
0.725
0.791
0.875
0.781
0.543
0.309
0.646
0.062
0.18
0.016
0.379
0.382
0.52
1.022
1.508
0.725
1.394
1.382
0.538
0.497
1.049
1.074
0.816
0.493
0.596
0.547
0.719
1.283
0.723
1.129
0.698
0.11
0.35
0.109
0.113
0.516
0.364
0.793
0.373
0.46
0.92
0.342
0.49
0.23
0.265
0.035
0.046
0.382
0.4
0.622
0.552
0.844
1.048
0.231
0.518
0.342
0.037
0.174
0.045
0.1
0.02
0.186
0.465
0.146
0.163
0.183
0.186
0.174
0.16
0.31
0.243
0.438
0.291
0.053
0.379
0.151
0.555
0.6
0.0
0.145
0.436
0.127
0.274
0.638
0.48
0.088
1.162
1.473
0.923
1.176
0.807
0.263
0.398
0.813
0.446
0.883
1.02
0.284
0.65
0.862
0.542
0.214
0.086
0.447
0.488
0.232
0.58
0.272
0.669
0.509
0.086
0.496
0.715
0.203
0.497
0.232
0.128
0.728
0.663
0.183
0.287
1.012
0.557
0.087
0.936
0.134
0.849
0.85
0.3
0.687
0.868
0.935
0.996
0.81
0.966
0.727
0.686
0.451
0.098
0.0
0.104
0.4
0.686
0.144
0.693
0.809
0.417
0.659
1.148
0.953
0.846
0.193
0.604
0.23
0.19
0.0
0.057
0.056
0.345
0.082
0.164
0.346
0.521
0.331
1.584
1.407
1.934
1.106
1.044
0.587
0.786
0.226
0.029
1.1
0.872
0.242
0.529
0.644
0.701
0.38
0.129
0.379
0.364
0.116
0.167
0.408
0.814
1.054
0.465
0.064
0.674
1.191
1.058
0.705
1.091
1.385
1.667
1.33
1.45
0.495
0.452
0.262
0.184
0.446
0.451
0.265
0.115
0.141
1.503
3.692
3.209
3.448
3.781
3.253
3.189
3.451
3.035
4.298
2.283
1.498
2.378
2.968
2.115
0.919
1.683
3.313
3.254
2.743
3.273
2.516
2.261
2.684
4.032
2.739
0.577
0.595
0.468
0.178
0.448
0.089
0.226
0.003
0.298
0.616
0.926
0.405
1.451
0.55
1.358
0.485
0.996
0.299
0.366
0.085
0.194
0.28
0.4
0.778
0.118
0.725
0.059
0.126
0.171
0.287
0.404
0.099
0.843
0.905
0.488
0.006
0.016
0.633
0.42
0.526
1.188
0.61
0.059
0.32
0.729
0.345
1.174
1.015
0.26
0.846
1.025
0.3
0.319
0.372
0.241
0.0
0.181
0.98
0.884
1.042
1.71
1.398
1.72
1.928
1.047
1.277
0.481
0.305
0.188
0.666
0.477
0.857
0.692
0.314
0.128
0.486
1.088
0.121
1.348
0.906
0.302
0.999
0.242
1.387
0.363
0.421
1.492
0.788
0.386
0.09
0.461
0.352
0.18
0.512
0.066
0.903
0.09
0.328
1.775
2.067
1.805
2.491
2.512
3.184
2.5
2.501
1.741
0.287
0.337
0.266
0.422
0.804
0.109
0.294
0.346
0.876
0.707
0.937
0.167
0.186
0.036
0.164
0.307
1.209
1.45
1.811
2.501
1.963
1.649
1.39
1.955
1.636
0.425
0.377
0.285
0.9
0.19
0.563
0.859
0.063
0.544
0.372
0.031
0.492
0.196
0.715
0.818
2.159
1.869
2.639
2.334
2.261
1.043
2.055
1.712
0.974
0.29
0.018
0.496
0.374
0.248
0.928
0.068
0.31
0.477
0.628
1.563
0.687
0.722
1.513
1.892
0.873
0.0
0.931
1.21
1.565
0.904
1.758
1.551
1.857
0.62
0.616
0.616
1.645
1.827
1.429
0.844
1.165
1.162
0.798
1.46
1.576
1.032
0.728
1.326
1.872
2.284
1.566
2.695
1.261
1.131
0.74
0.181
0.545
0.059
1.152
0.661
0.602
0.543
0.652
0.959
0.181
0.356
0.559
0.416
0.284
0.667
0.058
0.42
0.304
0.481
0.247
0.586
0.6
1.324
1.727
1.251
0.479
1.791
0.776
0.06
0.268
0.228
0.564
0.239
0.119
0.0
0.479
0.582
0.06
0.602
0.289
0.036
1.207
1.543
1.212
1.03
0.866
1.219
1.219
0.766
0.482
0.654
0.688
0.0
0.632
0.602
0.425
0.0
2.374
1.344
1.209
0.593
0.355
0.983
1.419
1.818
1.855
4.27
3.067
2.6
2.71
2.594
1.12
0.654
1.381
1.815
0.706
0.66
0.651
0.235
0.117
0.0
0.411
0.265
0.111
0.272
1.048
1.156
0.723
0.642
0.818
0.438
0.615
0.584
0.34
1.154
1.289
1.085
0.942
1.011
0.854
0.82
0.885
0.916
0.975
0.635
0.236
0.354
0.26
0.0
0.27
0.325
0.423
1.262
0.69
0.379
0.394
1.878
1.497
2.407
2.065
1.127
1.996
2.194
1.826
1.355
0.418
0.209
0.731
1.115
0.251
0.465
0.917
0.477
0.279
0.414
0.57
0.595
0.274
0.735
0.411
0.588
0.0
0.19
0.137
0.12
0.238
0.035
0.06
2.054
1.097
0.903
1.146
1.676
0.488
1.183
1.328
0.658
0.572
0.482
0.241
1.562
1.663
2.466
2.208
2.033
4.209
3.654
3.237
2.857
1.366
0.807
0.998
1.541
1.876
0.754
0.446
0.511
0.881
0.499
0.997
0.149
0.25
0.988
0.902
0.506
0.059
0.033
0.125
1.11
0.12
1.167
0.638
0.5
1.455
0.743
1.942
0.371
0.739
1.026
2.983
0.552
1.211
1.495
0.812
1.907
0.988
1.358
1.851
3.142
1.273
0.394
1.493
1.84
1.328
1.641
2.025
1.886
0.176
2.207
0.806
1.195
0.427
1.335
3.705
3.019
2.451
0.421
0.174
0.189
0.45
0.739
0.607
0.01
0.373
1.539
0.138
0.858
1.401
2.989
1.561
2.489
3.662
2.408
3.143
2.831
2.303
0.094
0.157
3.414
1.425
1.324
1.6
2.241
1.273
2.265
4.105
4.07
1.056
2.44
2.383
2.972
2.73
2.623
2.364
1.079
0.6
0.591
0.241
0.982
0.036
0.203
0.649
0.326
0.459
0.782
0.456
0.295
0.269
1.127
0.793
0.409
0.47
0.394
1.656
1.589
1.162
0.596
0.198
1.543
2.076
2.977
1.836
2.372
1.282
1.552
1.818
2.574
2.014
0.0
3.346
2.915
3.971
2.236
5.53
1.785
1.201
1.71
0.468
2.843
2.979
3.713
2.841
5.997
2.027
0.02
0.067
0.415
0.216
0.438
0.269
1.929
1.543
1.453
0.835
0.835
0.134
1.54
0.721
1.231
0.704
3.383
4.862
5.64
3.713
1.928
1.291
3.959
3.944
1.762
2.083
7.179
4.126
5.109
9.324
9.838
11.003
11.674
10.24
9.192
11.482
0.432
0.251
2.495
1.313
1.3
0.524
0.684
1.114
0.852
1.421
2.6
2.479
2.796
1.223
1.085
2.362
1.03
0.963
0.837
0.176
0.857
0.393
1.029
0.442
0.342
0.304
0.072
0.194
0.733
0.899
1.012
1.138
0.001
0.286
0.121
0.359
0.676
0.358
0.101
0.303
0.147
0.613
1.106
2.049
2.155
5.076
3.788
4.08
3.223
5.566
5.483
5.839
4.005
5.461
2.61
3.265
2.777
2.872
0.914
2.205
1.261
1.875
0.019
0.456
0.591
0.657
0.986
0.853
0.619
0.393
0.131
1.195
0.858
0.131
0.829
0.421
1.473
1.842
2.383
2.251
2.29
2.054
2.756
1.72
2.133
1.217
1.242
0.744
0.0
0.5
0.168
0.141
0.135
0.475
0.188
0.271
0.101
0.404
0.195
0.423
0.364
0.47
0.68
0.959
1.402
0.423
0.953
0.067
0.255
0.716
0.95
0.378
0.641
1.906
0.279
0.136
0.0
0.271
0.169
0.413
0.373
1.023
0.831
1.374
1.588
1.298
1.652
2.041
3.606
1.298
0.721
0.416
0.023
2.877
0.948
2.024
2.033
3.244
1.549
1.389
0.848
1.539
1.006
0.302
0.474
0.78
1.436
1.447
1.666
1.006
0.82
1.037
0.804
1.669
1.091
0.2
0.306
1.686
0.763
0.785
1.394
1.669
2.322
2.382
1.221
1.966
0.194
0.661
0.721
0.338
0.541
0.136
0.069
0.809
0.703
0.373
0.506
0.134
0.203
0.67
0.543
0.346
0.0
0.339
0.546
0.12
0.656
0.004
0.01
0.776
0.142
0.341
0.001
1.652
2.174
1.162
0.473
0.041
0.319
1.239
1.035
2.226
2.824
3.022
2.113
1.736
2.49
0.543
1.526
0.539
4.133
0.29
5.0
0.206
2.04
2.721
0.3
0.37
1.762
0.671
2.891
11.467
5.171
7.692
5.283
4.785
0.597
0.952
1.912
1.851
8.244
6.679
8.333
6.018
5.937
3.745
1.379
4.059
5.375
4.425
1.691
7.697
7.315
6.745
7.824
9.269
4.538
3.653
5.319
8.423
5.238
5.744
5.082
3.587
3.947
5.082
4.435
2.453
1.586
1.536
1.041
0.477
0.54
0.087
0.392
0.858
0.629
1.202
1.018
1.124
1.0
1.357
1.31
1.469
0.77
0.793
0.476
0.0
0.305
0.837
0.685
0.559
0.283
0.744
0.896
0.841
1.322
0.45
0.119
0.023
0.119
0.079
0.0
0.096
0.405
0.056
0.318
0.079
0.16
0.361
1.129
0.014
1.01
0.969
0.929
1.371
1.196
1.214
1.258
0.164
1.611
0.362
1.088
0.056
1.059
1.119
1.229
1.103
1.429
1.016
2.012
2.055
1.411
0.656
0.345
0.049
0.409
0.214
0.298
0.371
0.453
0.725
0.287
0.058
0.049
0.643
0.572
0.368
0.164
0.081
0.697
0.371
0.246
0.25
1.772
1.663
1.538
1.249
1.083
1.414
0.082
0.578
0.379
0.94
0.02
0.947
0.496
0.167
0.334
0.732
0.0
0.218
0.574
2.017
1.02
0.944
1.155
0.868
0.809
0.03
0.537
1.118
1.488
1.24
0.719
0.245
0.099
0.09
0.714
0.708
0.281
0.411
0.082
0.357
3.755
3.845
4.301
3.36
3.394
4.37
5.565
4.408
4.24
1.691
0.552
0.216
0.345
0.363
0.245
0.13
0.0
0.043
0.041
0.754
0.216
0.129
0.251
0.208
0.489
1.669
1.761
1.274
1.056
1.986
2.39
2.81
2.852
2.008
1.962
1.794
1.442
1.62
0.399
1.015
0.092
0.173
0.375
0.348
0.348
0.567
0.417
0.984
0.283
0.807
1.092
0.64
0.583
0.259
1.087
0.722
1.636
1.238
1.272
0.524
0.634
1.689
1.732
0.455
0.856
0.788
0.856
0.364
0.712
1.9
2.925
2.358
2.344
1.485
1.485
3.074
3.499
3.562
1.56
0.314
0.458
0.79
0.762
1.701
0.767
0.546
0.981
0.18
0.541
0.394
0.088
0.127
0.168
0.596
0.657
0.296
0.018
0.555
0.266
0.527
0.185
0.962
0.443
0.389
0.713
0.245
0.578
0.575
0.441
0.23
1.967
0.861
0.241
0.175
0.175
0.794
0.736
0.439
0.657
0.571
0.308
0.197
0.71
0.723
0.207
0.299
0.351
0.529
0.53
0.044
1.354
0.181
0.103
0.733
0.0
0.178
0.265
0.131
0.603
1.372
0.09
0.0
0.486
0.459
0.352
0.728
0.379
0.687
0.93
0.528
0.833
0.0
0.326
0.353
0.711
0.601
0.441
0.849
0.35
1.046
0.185
0.765
0.532
0.779
0.072
0.893
0.142
1.153
0.555
0.125
0.32
1.228
1.792
0.127
1.103
3.238
3.489
3.675
4.078
4.337
4.615
7.021
3.518
2.479
1.112
1.47
1.148
2.527
2.165
2.269
4.129
1.711
1.094
0.87
1.536
1.992
1.427
2.294
2.193
2.28
1.856
1.469
1.469
1.528
0.777
0.353
0.479
0.176
0.546
0.378
0.256
0.461
0.588
0.788
0.914
0.911
0.281
0.158
0.264
0.693
0.048
0.171
0.435
0.254
0.14
1.549
0.481
0.646
1.171
0.43
1.212
0.692
0.341
0.131
1.593
0.351
0.611
1.14
0.266
1.419
0.362
1.096
0.043
0.388
0.175
0.312
0.48
0.757
0.359
0.262
0.19
0.705
0.5
0.782
2.962
2.275
3.645
5.482
5.442
5.207
4.77
4.506
1.877
1.364
1.354
3.26
5.244
4.379
4.087
3.11
3.94
1.698
1.399
1.137
0.207
0.197
0.26
0.26
0.863
0.508
0.648
0.109
0.253
0.752
0.239
0.261
0.086
0.736
0.268
0.864
1.785
1.151
1.517
1.42
1.502
0.604
0.451
1.198
0.26
0.437
0.446
0.211
0.433
0.077
0.549
0.543
0.088
0.172
0.872
0.882
1.97
0.67
0.163
0.375
0.421
0.323
0.993
1.503
2.221
3.553
1.434
2.72
3.524
3.972
3.95
3.963
3.555
4.099
3.114
3.142
1.722
0.612
0.293
0.081
0.245
0.001
0.473
0.41
0.49
0.571
0.286
0.287
0.246
0.435
0.598
0.475
0.885
0.15
0.151
0.451
0.451
0.329
0.37
0.05
0.001
0.316
0.561
0.728
0.246
0.66
0.287
0.719
0.861
0.166
0.213
0.594
0.815
1.775
2.1
1.657
1.341
0.082
0.411
1.542
1.834
1.564
2.738
3.166
0.569
0.0
1.259
1.624
2.348
1.859
2.57
2.95
3.303
1.398
0.966
0.603
0.064
1.312
0.366
1.636
1.688
1.679
1.426
1.387
1.722
2.043
0.082
0.289
0.374
1.633
1.852
2.705
2.604
2.093
0.833
2.866
2.678
3.341
1.316
1.563
2.351
1.824
2.577
3.714
3.04
2.3
2.199
2.391
2.195
1.385
1.518
1.475
0.696
0.087
1.793
0.39
0.183
0.001
0.435
0.432
0.35
0.23
0.086
1.208
0.651
0.051
0.389
0.0
0.13
0.008
0.367
0.76
0.25
0.475
0.124
0.338
0.781
0.147
0.524
0.035
1.116
1.26
0.874
0.872
0.051
0.862
0.223
0.73
0.376
0.008
0.401
0.087
0.059
0.997
0.086
0.327
0.328
0.305
0.03
0.657
0.521
0.233
0.599
1.6
0.236
0.732
2.376
2.652
1.728
1.877
2.503
1.363
2.506
0.149
1.142
1.845
2.702
2.62
2.179
2.567
1.559
1.426
0.903
1.242
0.794
1.057
2.636
0.872
0.526
1.879
1.791
0.858
0.354
2.823
0.793
4.561
3.22
1.731
1.219
0.5
1.618
0.524
0.553
0.014
0.853
0.477
1.782
1.792
4.603
3.01
4.348
4.04
3.865
3.258
3.198
1.569
0.031
2.751
1.865
2.751
2.136
1.869
2.75
3.075
2.957
0.365
0.264
0.873
1.041
1.566
1.721
1.354
0.214
0.357
1.612
1.96
2.503
0.051
0.578
1.765
1.652
0.017
0.0
0.357
0.295
0.54
0.042
0.581
1.901
1.642
0.205
0.0
0.0
0.594
1.479
0.124
0.948
2.062
1.67
1.707
0.807
1.678
2.17
2.051
1.761
1.327
1.206
1.97
1.953
3.943
2.858
5.022
5.381
5.002
4.846
4.908
5.035
4.41
2.687
4.99
0.179
0.473
0.652
1.213
1.542
2.08
2.129
1.459
3.773
0.462
0.056
0.33
0.49
0.404
0.374
0.458
0.534
0.095
0.104
0.902
0.33
0.33
0.188
1.405
0.842
0.101
0.094
0.569
0.269
0.395
0.094
0.505
0.187
1.301
1.582
1.29
0.939
0.178
0.455
0.017
2.633
1.607
0.472
0.229
1.117
4.91
5.349
5.987
5.387
7.464
6.243
4.661
4.73
5.206
0.222
0.0
0.337
0.286
0.045
0.875
0.838
0.487
0.092
1.319
0.967
0.659
1.021
0.833
0.25
0.443
0.0
0.314
1.023
1.021
0.665
1.248
1.83
0.878
0.355
0.637
0.301
0.563
0.398
0.162
0.317
1.016
0.84
0.531
0.382
0.274
0.619
0.615
0.05
0.049
0.712
0.238
0.0
0.014
0.044
0.34
0.887
0.123
0.133
0.311
0.622
1.31
2.002
0.387
0.441
0.265
0.487
0.188
0.341
0.072
0.703
1.501
0.314
0.438
0.528
0.44
0.322
0.584
0.355
1.79
0.981
0.047
0.087
0.977
0.438
3.025
2.842
2.922
1.59
0.62
2.148
2.336
0.442
0.533
1.956
1.5
4.072
2.441
0.849
1.499
1.233
2.262
1.773
3.162
2.164
1.595
1.419
0.003
3.241
3.143
4.196
3.357
1.29
2.398
0.873
0.228
2.337
2.16
2.92
1.554
1.299
0.0
0.457
0.975
0.101
0.681
1.511
1.18
1.441
0.796
3.122
2.421
4.901
4.482
2.962
3.939
3.466
5.368
4.679
3.278
2.831
0.657
0.524
0.074
1.241
1.264
1.282
2.016
2.475
1.278
0.795
0.793
0.127
1.193
0.294
2.65
1.087
0.088
0.044
0.789
1.131
2.007
1.11
1.724
1.405
4.274
2.164
0.22
0.86
0.656
6.796
1.552
0.572
1.49
2.092
4.545
7.888
2.136
6.771
12.429
8.127
7.019
2.043
6.222
7.97
9.044
6.085
11.306
11.261
13.367
11.743
7.536
0.536
1.418
2.727
2.745
1.028
1.369
4.801
7.778
8.697
9.277
10.5
12.244
9.716
13.757
15.081
11.541
8.762
9.497
9.518
5.82
3.157
3.315
0.927
0.885
0.744
0.852
0.636
0.558
1.177
2.478
1.665
1.216
0.656
2.015
1.513
0.755
1.176
0.43
1.275
0.366
0.403
0.106
2.494
2.836
0.326
1.554
0.852
0.434
1.479
1.526
0.212
0.8
1.655
0.32
0.532
0.428
4.152
1.611
0.594
0.427
0.194
0.36
1.888
1.157
0.743
3.772
2.051
0.642
0.645
0.034
3.874
5.303
6.502
4.707
4.892
3.54
3.489
1.035
4.217
1.219
0.332
2.528
0.468
1.253
5.637
0.512
4.319
1.851
0.111
5.242
7.299
5.746
7.74
8.357
2.426
7.882
3.951
3.322
0.966
1.009
0.746
1.597
0.154
1.37
1.493
0.925
0.464
0.916
0.166
1.414
2.187
2.801
3.501
2.249
2.838
4.533
5.714
5.054
3.165
5.113
2.333
1.684
1.283
3.128
5.324
6.233
6.538
5.851
7.103
6.735
2.855
3.21
0.266
0.488
0.247
0.299
0.443
0.858
0.515
0.104
0.406
0.087
0.807
0.239
0.319
1.845
3.858
8.988
7.732
4.86
2.895
1.305
2.637
2.02
0.919
5.641
11.006
8.134
2.529
5.29
9.156
13.333
12.884
7.336
39.495
28.242
21.25
16.769
10.122
9.758
12.663
14.439
11.619
32.342
22.741
21.169
17.907
2.218
7.259
2.265
12.635
13.64
13.91
15.356
15.356
16.474
19.493
16.405
16.208
6.795
6.053
5.591
5.125
3.952
2.789
3.353
0.173
2.465
0.142
0.792
0.265
0.265
1.338
0.396
0.507
0.094
1.799
1.411
0.356
0.411
0.759
1.268
0.114
1.796
1.017
0.314
0.074
2.2
1.322
0.37
0.637
0.562
0.522
1.515
3.028
3.263
1.145
1.729
0.467
0.865
0.604
0.674
0.567
1.851
2.471
2.741
2.143
0.387
0.453
1.369
0.742
1.308
1.208
1.601
0.722
1.59
1.574
2.082
0.293
0.423
0.158
0.065
2.045
2.266
3.216
2.235
3.251
0.056
1.947
1.312
1.29
0.196
0.54
0.845
0.837
1.634
4.39
4.382
2.153
2.563
0.84
4.487
3.426
3.888
3.841
3.514
4.701
3.852
3.776
3.776
5.824
1.886
0.58
0.04
0.292
0.292
0.161
0.25
1.216
0.912
1.345
1.458
2.167
1.031
3.233
2.748
1.622
1.204
1.657
1.603
1.754
1.73
1.305
0.83
0.709
1.079
0.351
0.675
0.425
0.234
0.483
0.503
0.298
0.305
1.138
0.067
0.174
0.035
0.897
0.425
0.325
0.798
0.337
0.421
1.019
1.4
0.739
1.197
0.422
0.069
1.252
1.284
1.35
1.172
1.35
0.0
0.32
0.413
0.448
0.836
1.4
0.845
0.775
0.298
0.284
0.15
0.697
0.185
0.433
1.067
2.014
1.503
0.874
2.306
2.539
2.795
1.785
1.558
1.443
1.238
1.675
1.525
1.339
1.116
1.444
1.744
0.646
0.137
1.382
0.627
0.773
1.183
1.51
1.714
1.63
1.515
1.288
0.039
0.551
0.235
0.358
0.15
0.843
0.46
0.55
1.811
0.701
0.385
0.433
1.38
0.904
0.929
0.397
0.254
1.56
0.931
1.244
0.097
1.149
0.889
1.609
1.043
1.281
0.657
1.277
0.958
1.747
2.315
1.558
2.103
0.954
0.942
0.869
0.797
0.141
0.284
0.337
0.635
1.423
0.4
0.394
1.103
2.195
1.942
0.607
3.55
2.106
2.661
4.378
4.705
3.377
0.939
1.91
2.83
1.174
1.396
1.254
0.228
0.79
0.341
1.166
0.249
1.033
0.862
1.115
1.205
2.017
3.069
2.025
2.971
1.156
2.481
0.367
1.345
0.118
0.296
0.381
0.446
1.599
0.373
0.332
0.076
0.994
0.646
0.348
0.327
0.863
1.435
0.6
0.451
2.255
2.864
2.535
2.529
1.665
1.906
2.137
2.668
0.989
0.235
1.901
0.22
0.252
1.21
1.062
0.806
0.903
0.654
0.311
0.908
0.813
1.692
2.435
3.051
1.969
1.498
3.158
3.598
3.073
4.519
2.189
2.646
0.998
0.461
0.185
0.365
0.62
0.821
1.255
1.694
2.611
3.31
3.147
2.335
1.453
0.176
1.267
0.555
0.866
0.831
0.346
1.44
0.168
1.577
1.859
2.724
1.155
0.553
0.144
0.208
1.964
0.292
1.265
1.728
2.994
3.031
2.364
4.506
3.538
2.895
3.807
3.807
3.131
3.518
3.601
0.797
0.93
0.439
0.266
1.005
2.275
2.542
2.542
1.757
1.766
1.515
1.476
1.417
1.484
0.845
1.104
1.255
0.728
1.226
1.664
1.804
2.034
0.522
0.712
0.065
0.803
0.663
0.767
0.981
0.408
0.36
1.546
0.02
0.767
0.498
1.506
1.357
1.233
0.216
0.276
0.494
0.853
0.006
0.898
0.972
0.674
0.456
1.302
1.823
1.428
1.255
0.317
0.569
1.089
0.076
0.469
0.518
1.353
0.919
0.634
0.331
0.096
0.774
0.308
0.456
0.81
1.299
0.321
0.142
0.857
1.546
1.409
2.317
0.673
2.587
1.597
3.248
3.915
2.557
1.334
1.835
1.41
2.543
0.661
1.484
3.253
0.303
0.435
0.347
0.875
0.809
0.487
0.829
1.712
0.038
2.733
2.702
2.735
1.713
1.167
1.619
0.685
0.382
0.313
1.627
0.0
0.375
0.849
0.555
1.035
0.0
0.306
0.792
2.422
1.322
1.775
2.734
2.667
2.773
1.388
1.327
0.347
1.282
1.119
0.978
0.94
0.704
0.562
1.766
1.278
1.688
0.425
1.049
0.78
0.214
0.582
0.448
0.581
0.706
0.942
0.773
0.938
1.14
0.041
0.734
0.003
0.875
1.25
1.023
0.423
0.19
0.08
3.571
3.619
4.864
4.107
5.103
3.672
3.741
3.305
2.891
0.684
0.579
1.343
0.584
0.971
1.008
0.65
0.718
0.65
0.545
0.185
0.472
1.269
0.558
0.766
0.646
0.102
0.034
1.241
2.69
0.789
1.842
3.845
3.02
2.905
1.917
1.919
1.825
0.394
1.398
0.347
1.294
0.375
0.886
1.021
0.88
0.685
2.411
0.762
1.415
2.044
1.422
0.636
0.787
0.637
1.529
1.22
1.646
0.773
0.827
0.341
1.263
0.777
1.009
1.842
0.897
0.626
0.177
0.624
1.252
0.724
0.361
0.895
1.006
0.063
0.106
0.0
0.184
1.111
1.019
0.288
1.155
1.527
1.712
2.224
2.02
1.913
1.326
1.318
1.66
0.732
0.223
0.14
1.302
0.385
0.209
0.209
1.044
1.261
0.932
0.0
0.633
1.32
1.853
1.0
1.244
1.791
1.586
1.552
1.004
1.457
0.284
0.97
0.159
0.138
0.554
0.415
0.138
0.172
0.62
1.114
1.621
1.249
0.344
1.096
0.069
0.395
0.414
0.405
0.819
1.087
1.736
0.974
1.871
0.979
0.79
0.067
1.315
0.93
0.904
0.558
0.279
0.954
0.418
0.832
0.347
0.346
0.406
0.138
0.589
1.139
0.103
0.347
0.583
0.063
0.728
0.068
0.734
0.311
2.128
1.53
1.509
1.194
2.134
1.946
1.064
1.592
1.162
1.222
0.002
0.335
0.755
0.983
0.343
0.24
0.25
0.247
0.38
1.202
0.495
1.11
1.05
0.344
1.742
0.835
2.249
1.858
1.573
2.112
0.983
0.912
2.787
1.413
0.708
0.635
1.418
0.069
0.07
0.963
2.895
2.149
2.47
3.661
3.941
2.919
3.962
3.576
3.73
0.967
0.565
1.402
0.842
0.813
0.073
0.042
1.085
1.158
0.894
0.49
1.319
0.618
0.633
0.725
0.574
0.898
0.156
1.429
0.892
0.465
0.844
0.107
0.072
0.666
1.633
1.52
3.006
2.993
2.573
3.046
1.531
1.428
0.585
0.237
0.15
0.809
1.075
0.706
0.848
0.054
0.286
0.178
0.343
0.612
0.83
0.359
0.574
0.072
1.433
1.734
2.271
2.72
2.0
1.764
2.301
3.88
3.952
3.352
2.403
1.891
1.433
1.401
1.341
1.193
0.0
0.073
0.146
0.024
0.936
0.939
0.979
0.977
1.335
1.308
1.515
0.851
0.71
0.011
0.101
0.188
0.211
0.466
1.144
0.739
0.098
0.286
0.066
0.026
0.711
0.322
0.283
0.601
0.013
0.377
0.428
0.377
0.453
1.271
0.457
0.375
0.301
0.377
1.068
0.826
0.151
0.113
0.058
0.033
0.083
0.217
0.372
0.24
0.887
0.151
0.586
0.995
1.068
1.694
1.871
2.069
0.931
2.218
1.842
1.322
0.616
1.062
0.125
0.041
0.576
0.364
0.662
0.577
0.203
0.231
0.787
1.565
1.733
1.609
2.093
2.883
2.929
2.29
2.056
1.267
1.524
2.418
2.365
1.587
1.112
0.996
1.28
0.855
1.688
1.247
0.417
0.0
0.081
0.0
0.4
0.244
0.65
0.717
0.31
0.13
0.158
0.471
0.866
1.224
1.099
1.904
0.779
1.389
0.938
0.637
0.0
0.235
0.522
0.394
0.182
0.289
0.131
0.015
0.771
1.015
0.546
0.067
0.312
0.023
0.391
0.235
0.611
0.389
0.392
0.011
0.431
0.436
0.571
0.291
0.156
0.468
0.39
0.234
0.183
0.701
0.124
0.692
0.946
0.291
0.149
0.156
0.55
0.196
0.196
0.471
0.987
1.536
0.133
1.999
1.343
0.463
0.157
0.078
0.659
0.531
1.062
0.313
1.865
1.171
1.267
0.391
0.078
0.293
0.565
0.691
0.706
1.108
0.559
0.552
1.692
1.048
0.017
0.585
0.156
0.303
0.742
0.566
0.272
1.484
0.625
0.704
0.904
0.624
0.702
0.064
0.733
1.492
1.504
0.825
0.428
0.9
0.66
0.078
0.194
1.797
1.7
2.772
2.231
2.075
1.333
1.038
2.137
1.461
1.419
0.923
0.448
0.077
0.658
1.28
1.443
2.432
1.365
2.46
1.936
1.095
1.021
0.82
1.058
0.626
0.305
0.824
1.264
0.082
0.406
0.741
0.194
0.04
0.506
0.078
0.552
0.55
0.335
0.467
0.746
0.94
0.04
0.787
0.315
1.093
0.157
0.506
0.392
0.628
0.003
0.507
0.594
0.039
1.081
0.392
1.986
3.909
3.495
3.562
5.471
3.672
4.481
2.951
4.508
0.079
0.435
0.985
0.095
0.244
1.11
1.603
2.034
1.411
3.239
0.371
0.312
0.8
0.814
0.132
0.926
0.455
0.559
0.741
0.847
1.966
1.902
2.377
0.746
1.769
0.503
1.662
2.861
3.307
1.491
1.833
1.544
1.924
1.283
1.659
1.532
0.49
0.221
0.314
0.841
1.544
0.525
0.683
1.049
0.518
0.441
1.988
2.254
1.554
0.403
1.325
1.508
1.378
1.771
1.715
0.698
0.537
0.993
2.115
0.877
1.093
0.414
0.853
0.312
0.173
0.168
0.052
0.052
0.032
0.016
0.716
0.087
0.464
0.304
0.26
0.137
0.351
0.194
0.341
1.17
0.507
0.087
0.172
0.885
0.491
0.618
0.218
0.619
1.164
1.475
1.524
1.796
2.544
1.844
2.0
1.072
1.029
1.053
1.567
2.166
2.066
1.71
0.985
1.444
1.803
1.201
0.457
0.11
0.861
0.73
1.255
0.417
0.892
0.947
0.402
0.374
0.286
0.257
0.566
0.39
0.019
0.472
0.643
0.984
1.231
1.745
2.755
1.928
1.287
1.299
1.931
0.491
1.287
1.536
0.934
0.081
0.102
1.018
1.186
1.003
1.023
1.102
0.013
0.136
0.238
0.111
0.425
0.0
0.496
0.025
0.356
1.093
0.568
0.098
0.274
1.012
0.264
0.315
0.586
0.859
0.593
0.422
0.199
0.15
0.865
0.307
0.092
0.821
1.195
0.064
1.152
0.255
0.641
0.014
0.001
0.27
0.336
0.679
0.405
0.171
0.127
1.208
0.573
0.614
0.139
0.643
0.169
0.592
0.195
0.174
0.265
0.188
0.574
0.98
0.596
0.0
0.084
0.702
0.571
0.058
0.595
0.799
1.394
0.631
0.169
0.489
0.548
0.24
0.184
1.761
0.937
0.357
1.025
0.853
0.626
0.893
1.096
1.435
2.753
0.217
3.574
5.077
4.87
4.118
3.965
5.049
5.645
6.048
5.199
0.556
2.228
1.902
1.706
1.537
2.424
2.974
2.99
2.692
2.67
0.192
0.247
0.616
0.416
0.828
0.768
0.753
0.869
0.811
1.45
1.397
0.414
0.502
0.083
0.829
0.167
0.696
0.525
0.653
0.142
0.332
0.871
0.803
0.668
0.457
0.988
0.043
0.067
1.074
0.743
0.945
0.932
1.074
0.922
0.146
0.969
0.133
2.049
2.542
3.05
2.471
2.542
2.352
0.967
0.044
0.997
0.696
0.445
0.368
0.458
0.169
0.124
0.921
0.878
0.084
0.194
0.823
0.665
0.321
0.787
1.411
0.222
0.449
0.926
1.272
1.496
1.544
0.8
1.032
0.574
1.438
0.506
0.316
0.0
0.332
1.193
0.036
0.614
1.291
1.991
1.63
2.124
3.373
2.494
0.483
0.858
0.432
1.653
1.763
0.851
0.889
1.281
0.807
0.824
0.21
2.589
0.173
0.841
1.801
2.218
2.449
3.074
4.589
3.539
2.633
5.263
4.913
1.457
4.205
3.909
3.19
4.791
4.781
3.0
2.844
3.128
4.725
1.716
1.612
1.614
0.442
0.442
0.433
0.46
0.228
0.555
0.36
0.133
0.132
0.092
0.462
0.494
0.056
0.265
0.489
0.944
0.725
0.726
0.047
0.825
1.265
0.173
0.399
1.037
0.026
0.548
0.102
0.548
0.402
0.505
0.037
0.829
1.936
0.702
2.001
1.672
2.488
1.937
1.255
1.638
0.469
0.107
0.543
0.318
0.925
1.743
1.978
0.95
0.127
0.461
0.211
0.013
0.311
0.514
0.146
0.323
0.725
1.09
0.53
1.176
0.581
0.717
0.769
0.306
1.026
0.0
0.236
0.212
0.829
0.064
2.748
1.919
0.57
1.804
1.705
3.593
3.204
4.42
4.406
2.357
3.81
4.014
1.837
2.507
0.918
0.143
1.245
0.55
0.899
0.115
0.241
1.757
1.052
0.388
1.853
0.942
0.139
0.948
2.21
0.465
1.887
0.036
2.323
3.242
2.752
0.933
1.329
1.065
3.79
3.906
2.574
2.712
2.273
0.789
1.422
0.964
0.644
1.752
0.278
7.5
6.921
6.712
7.745
9.275
11.07
8.81
6.926
7.836
3.108
4.392
4.632
3.887
0.158
1.023
7.542
6.728
0.224
5.389
6.116
5.505
5.25
4.591
7.802
16.122
14.105
4.855
2.898
3.826
4.041
4.48
2.728
1.455
1.01
2.074
2.865
1.067
1.889
2.494
1.793
0.916
3.036
2.739
2.857
3.738
4.404
4.025
3.043
2.472
3.508
1.1
0.47
0.407
1.37
0.734
0.665
0.047
0.142
0.29
0.476
0.0
0.649
0.954
1.835
1.449
1.989
1.69
0.961
1.019
1.809
1.08
1.316
0.0
0.163
0.292
0.388
1.463
1.596
1.852
2.098
1.084
2.0
2.389
2.088
0.989
0.491
0.794
0.532
0.645
1.714
0.965
1.25
0.686
1.83
1.999
2.01
1.664
0.648
0.355
0.449
1.0
0.279
0.045
1.96
2.038
2.407
2.084
2.034
2.39
3.827
1.494
1.164
0.149
0.47
0.49
0.642
0.583
0.093
0.931
0.352
1.272
0.199
1.038
1.687
0.728
0.89
1.732
1.141
2.453
3.306
3.962
4.071
8.908
9.892
9.381
7.561
6.9
5.301
5.514
4.021
3.025
0.182
0.094
0.313
2.527
2.381
1.623
1.736
2.104
2.283
2.294
2.265
2.693
0.407
0.824
0.412
0.46
0.104
0.261
0.124
0.254
0.032
1.033
1.185
1.006
0.862
1.13
0.949
0.123
0.139
0.605
0.565
0.517
0.134
0.257
1.022
0.488
0.024
0.25
0.433
0.463
1.205
0.258
0.517
0.191
0.103
0.076
0.052
0.611
0.519
1.221
0.309
0.515
0.315
0.975
0.503
0.164
