52163
39942
57718
66259
96205
87845
103807
56818
71518
11851
9230
7571
14285
16491
11245
44915
64105
71455
73380
71637
65064
102404
100202
66926
49770
70583
20997
10195
9356
53128
39413
25839
6597
30407
85720
161759
200201
263220
214155
186817
171247
180504
84742
43707
18172
71359
40995
3055
31940
36901
99658
121992
134157
158621
175300
125996
118775
102084
85750
88199
92629
114223
99926
83107
61508
6112
35164
66390
109325
78491
114153
147361
135884
115701
114388
153830
168899
174925
132072
48617
132355
197056
272159
279080
321091
336723
336478
311699
286710
275808
230769
148007
87873
76838
52330
21059
62988
120276
272855
264777
122929
78961
60950
35233
19961
27430
191
20035
44710
29083
54726
50049
18618
16336
1864
22640
19351
83055
77334
92972
70390
70510
40689
50979
35291
40744
92471
55742
71733
45672
1870
33898
30825
12544
5319
8700
6214
1992
1725
5833
7173
4004
15229
17744
5178
4894
48270
110521
85856
68561
55595
26489
46473
72991
56977
102021
93942
117550
114746
101012
35767
54926
91964
211610
223153
263687
310552
295240
279770
212960
106482
49232
10023
49367
102884
203813
211558
200431
289556
356013
449436
565105
518732
428037
410498
350820
307756
237033
194511
144515
106721
81197
95524
108314
91491
11916
75255
95168
103661
97542
75035
143120
137544
102981
122190
170058
123758
52768
15974
43117
53206
90600
129292
115730
107052
77072
42577
20842
16248
2499
6215
4382
50601
45998
100168
123344
84091
90262
46572
10759
9292
5785
37093
70699
80939
107317
116130
102508
44472
48074
23623
9764
7696
40842
25817
35001
13101
30927
25730
9139
5554
12171
17302
5943
30104
15430
19023
33677
5696
18403
45578
89707
107469
84144
68674
27196
62150
35551
31479
71517
96588
155936
205276
193343
171015
132444
82564
70375
61387
99723
189554
161139
120125
125643
69958
15414
46798
48638
10832
25799
4417
14033
18201
57405
36877
31274
66581
47227
98497
89717
70045
19704
17066
13168
64309
85128
144298
104173
109530
172816
108297
107564
38213
56453
106386
122692
132327
135858
155910
165480
206123
178203
103704
84837
65962
61292
64644
106190
125498
207888
221081
198057
226220
212561
190966
179652
105133
136332
95902
75915
44745
1350
83990
75829
49920
64322
106479
103080
104086
166240
213320
276767
249797
195167
137291
105187
19355
69809
166945
126485
73921
3177
30944
49577
70385
100237
90374
61060
2912
71532
85296
59605
15556
58044
123506
137998
169309
197420
202489
245419
294990
280630
199454
116578
40343
113692
128833
190511
278206
324405
388090
444880
497208
539557
561703
637297
724361
809210
866556
921545
907408
763984
490664
193329
236463
333504
392204
386035
396511
411007
397749
404707
373125
436740
424560
467007
543694
537890
321564
90278
70364
26547
21326
34421
29611
30970
26080
85558
102345
102364
91519
114303
116835
136438
109111
78115
56720
666
49790
72565
142074
73831
103942
53927
94663
32208
65430
64351
82183
97365
42695
36492
38730
36037
43242
27270
35835
13114
38003
65397
63217
8446
75272
146930
123487
143305
18310
159678
218460
143942
64043
28796
16965
50932
77343
100221
123012
144123
217235
234911
271257
294019
263667
192898
105249
11994
62044
95413
189119
181192
214062
236178
218660
279073
286574
277344
231857
280888
281528
296122
354508
365510
405037
304008
233016
206603
132290
144946
155182
124072
137049
77186
43970
65654
114865
12905
71007
118343
169412
223499
342820
409620
421885
389352
282472
180552
12199
25851
38908
57200
32902
42002
40854
40026
125521
137600
136459
65134
62203
102790
186368
231309
224227
297136
366769
416739
447980
458239
437831
417481
341649
168092
145858
114904
95040
161420
177371
148859
105757
116132
54766
21799
13525
31416
139654
198809
254631
260476
288816
303779
264719
225090
196070
124320
34631
108225
160976
231813
197415
212657
184360
273011
247248
192781
225983
290928
333620
332185
376737
369958
293401
153992
1693
88314
138959
90682
176813
215484
175846
71366
56083
93013
139089
170685
147952
171826
269934
271869
281865
233604
209354
155222
205423
246987
306862
349101
334270
319108
176763
127964
69752
38061
81018
141094
153221
138215
185599
144770
120019
89217
664
21161
58247
36105
17417
18026
33806
68777
104628
96579
105285
136750
171182
212122
235656
203750
197146
241856
121312
84065
22563
35936
117569
132583
122142
112761
147233
137195
118611
210628
247837
279007
353441
369487
326327
316147
309714
307893
330999
349280
308630
219354
193936
165224
145274
116120
75257
121350
200790
201678
145726
8031
7109
46761
208228
425302
586444
707497
563144
498723
436899
355660
240627
247536
298322
295897
199394
180854
154336
111517
117461
149389
149257
129075
150406
184628
186148
191362
199357
211817
231074
189081
175882
93343
656
113526
122814
95111
99480
92979
96529
90708
91133
45809
22022
23258
36806
46979
66220
57911
70215
73453
101006
124993
41056
22182
72833
137200
157244
185547
178840
228471
318678
259201
172715
31569
202858
241053
327151
300862
240145
249162
272647
228268
193839
214730
221021
229729
201632
194177
155266
149674
153639
133890
155885
198228
104604
128116
159652
16733
60991
26125
55109
61674
35518
90233
48921
60357
65121
15586
123856
165285
228798
362866
448934
548250
650820
595216
564078
474925
307820
255999
240916
243365
203162
97511
119978
172237
191628
167968
118924
34094
18849
36732
58055
25322
6960
19593
59733
59133
136059
145251
195509
171399
153495
148159
179214
243166
295088
238221
193630
12699
126231
279053
297002
373759
236981
289135
404756
447666
292624
202902
323696
341333
312207
207051
163612
190241
227935
304906
281215
364537
508914
733804
920536
809450
642999
344203
234441
266481
222113
258634
220570
198865
227788
228872
144633
57685
60351
18626
41687
192150
333677
346822
428560
270416
176785
37996
23441
54193
67287
155081
292270
381217
366453
443391
475174
297596
130109
318084
363515
390376
378494
316061
177234
53298
40960
50776
59614
74851
93250
71240
50299
78486
46249
81815
70435
46339
65320
22501
57283
87090
167763
237317
307569
264501
229147
214572
204889
291106
340650
381503
352878
307792
293268
285916
255720
141263
46225
130424
175305
153160
238859
200842
230656
262456
229581
46561
365803
763745
887276
938035
930533
1013417
577585
449043
426815
420187
497274
513856
469495
478298
511801
532739
554106
477541
379405
393378
251987
91767
63987
9551
91567
243185
317766
334552
336649
297872
200041
258411
241642
74922
667314
1389259
1630072
1970518
1985525
1848512
1624837
1215626
20566
26213
56925
164757
84603
104469
31041
163460
259622
344454
470884
572094
653724
607629
526898
522048
528585
381541
380443
368394
324719
419559
396360
440281
391123
329273
318369
329538
342547
332129
314960
317218
339716
386518
389962
357683
348816
402608
418700
358572
272786
154135
21193
151700
274520
436093
474400
476557
546202
618947
717326
772545
726360
637273
599032
347949
377176
313848
256639
61465
77646
31888
62860
6924
29409
45643
50151
43525
94671
142255
74098
456
98528
45713
41011
75959
142075
204529
293177
316144
324593
335778
335992
345974
274883
259850
146918
143702
78939
57351
31394
11027
13874
410
8779
23077
4942
2142
13761
48684
45790
79579
80118
106301
91447
66059
32004
10560
22361
33903
114813
160477
170422
187764
151933
3381
31308
99791
76903
114124
170560
224708
226510
206553
271465
295031
361611
340715
325659
297066
188241
62868
43759
116865
193050
208015
347759
441154
474621
305626
286155
222241
196300
43862
149863
155261
222851
242153
259974
295186
300246
293284
289280
232847
181223
46968
43386
68192
64901
41741
88786
150280
224256
305216
350791
305780
235627
57913
65398
29046
26114
25070
8364
70217
141466
51386
41979
6302
1620
27054
7833
64673
40218
30682
45895
17977
91036
39601
39601
61725
27353
45423
77023
105332
147562
153098
113685
37664
55305
15727
85269
136376
249978
352363
285837
113365
20034
106405
211242
314926
416284
526862
542800
634192
744831
850448
891119
797319
786535
988853
1096072
1634546
1820682
1353600
1254389
1246227
1184937
870371
640495
328865
68487
649997
721829
1009419
672036
427512
211488
163506
207967
285513
350087
572975
892958
903668
858704
913194
931055
691535
674258
755903
858623
612399
593689
505630
456211
503907
561670
418679
217210
144145
100010
41571
6290
3422
24182
10516
30858
41911
65629
71169
88504
106576
108138
89829
74568
45933
40186
10518
11497
5439
8843
18630
25529
22106
13494
23119
23916
31630
26542
64199
83371
91454
101009
115401
116308
104192
76752
35835
27914
22531
11562
18139
11479
414
9436
84792
129608
105937
87153
61983
18976
62793
10430
8381
54083
78800
75826
86228
106985
146486
175373
252029
225973
135187
57875
23579
99
4773
14369
28148
19716
7099
10497
16647
25996
45533
78044
82953
88081
83452
60580
39443
27793
76228
95886
114044
99225
71909
53989
52618
62664
20068
12978
63128
181334
201137
223573
224813
212790
181631
143573
159555
185996
235618
310983
305982
378017
417644
378279
299144
197166
125343
69676
37234
83805
139548
169931
168012
135678
119235
90670
47911
22384
84745
151832
230321
251700
297697
324241
410757
507472
502391
396214
242289
1041
42121
71122
71359
96199
123855
154448
107386
106270
92415
34522
23139
4170
15053
34901
51157
110341
127358
152443
198947
267939
292824
283712
255923
195375
158468
160755
176100
155802
103265
61269
16562
17665
14749
8599
27439
91037
117806
165238
140192
187421
196879
185666
201968
203361
203394
226469
247859
245232
246236
243457
248089
240606
202087
107965
91556
24259
12458
20191
45696
132640
239067
276756
324575
375379
413623
360881
259170
111557
47081
65390
103823
109280
116639
14061
40463
56981
28936
34915
54858
49873
46392
32584
4724
41272
25695
2667
81
20582
2307
21444
17937
12037
4986
9519
37671
17127
35783
73559
41202
118384
147775
91602
57969
13408
8368
671
40214
14675
10906
54522
8986
22325
15187
13199
7117
56152
37338
22017
26023
71291
103290
89136
78679
55793
14863
30477
29926
28790
3417
21311
61480
34278
8297
39453
82838
101514
115162
145358
130818
118837
104269
77044
58283
11506
10139
4094
13465
39536
24864
30234
5162
14562
3471
9615
21699
46169
75785
111304
51808
73075
78957
108390
146118
226149
243048
363464
438140
534691
574132
653464
710440
647905
473882
307804
103
75383
130307
240684
280087
297749
356142
186788
124681
148926
167842
174669
156033
188580
166957
192751
201008
150750
127460
51274
2349
25489
74430
81461
44717
13844
10518
30962
39866
36731
42347
48720
26678
14634
23728
47908
277
13605
31288
18362
20830
53788
54759
54724
32912
7743
31489
103375
100396
151128
202224
149477
178324
210479
157026
172722
109741
116092
65505
22584
9011
27183
47773
99001
157654
179032
201723
194420
248654
301139
353082
392962
472617
585856
621033
628488
559473
403637
129778
135138
282971
516589
639718
642667
593531
528622
443097
287849
193181
161019
132930
108583
161756
147325
148990
96500
122516
76359
100695
139727
102190
113942
94243
33965
26328
27905
52070
43120
57662
30713
12919
52573
74022
96253
138507
184252
175887
192178
206339
224290
201782
219106
249973
204443
222926
153529
185798
155525
189754
142747
76544
10616
157142
276253
394469
392588
297520
336027
360489
418708
465188
506814
519001
522572
421822
348391
175641
49459
10638
6424
14338
24671
22779
32178
43511
49061
25671
16890
21960
18425
31982
5760
38123
22818
25788
27736
33076
10005
1428
44152
29448
62701
50462
26662
13611
3424
10032
16069
7143
50955
73164
123089
162414
192068
204502
178737
171391
118332
41166
2086
40320
76611
116830
65940
34566
184938
341325
433813
550221
577617
573445
569027
485216
284836
263178
224058
186964
177993
147309
25224
15381
55951
90662
51727
20042
32365
112359
58740
25249
34877
106538
186183
180558
186283
221494
300352
312952
300205
182116
210154
244727
274361
328013
366718
295433
322356
318643
302156
247459
185838
169216
100405
67003
46373
101347
82704
55467
31108
16084
4292
46403
29401
50078
59001
22395
11664
7677
33701
17735
2222
10207
8183
862
21175
12845
5510
8599
40117
60222
91128
137835
104523
71986
53970
21423
41047
2134
29276
20938
56594
78082
60101
31847
15305
28537
50982
55055
110534
127093
158319
196417
211306
203124
184571
224287
273883
322163
303193
284166
345293
375492
351922
347709
150709
4785
137231
201174
190410
174085
141829
54651
14803
96810
109565
82900
84551
75034
46767
31948
732
5374
26027
103265
292316
280833
460519
279565
149925
105869
142311
193947
198346
224577
249304
263658
273591
300425
329463
411266
439255
528481
536354
501450
376705
262667
62575
92533
257550
255098
311706
316248
311784
349459
319672
275854
199579
171457
181696
173588
195177
165431
153227
183279
268164
373012
355819
303696
125133
101237
73483
97527
154614
160220
187636
185013
221983
250993
273478
371133
311725
237140
218002
211392
201677
221988
145979
84981
878
26106
44304
110122
183452
264056
248371
191297
170899
227096
341549
403689
520098
548522
634181
663309
642740
623376
609894
563371
484496
384708
313629
161374
95217
23013
54784
112068
153635
147003
118791
121886
83709
85283
87568
101277
114056
127971
140415
148246
163397
146308
118250
126335
114639
72489
102683
143964
210495
211114
218523
226832
206235
203056
191483
129106
88425
137143
100738
135703
110109
122404
130743
99957
58467
61329
152226
353604
502158
645711
730857
858409
754073
626802
555084
392755
42694
38326
46382
55400
64114
87444
87566
91074
101029
108038
99950
77143
71135
51639
6401
2465
12603
3438
27695
139321
146069
143677
167808
162469
95231
59271
47848
17282
9815
5725
28129
59325
66494
62727
62545
66664
45232
73692
18889
40249
6677
27755
19495
5753
20367
1780
28585
14756
102316
92342
88850
61707
78844
103306
94906
119918
156552
173772
164073
128316
29178
98249
62744
44239
87069
138161
143558
171438
161777
120207
31049
45384
20115
66098
140940
214875
312239
330890
275451
263686
143522
6235
43073
88993
283759
404767
378642
365796
192595
162162
163924
273198
443215
498587
500899
451742
353383
356326
399943
341589
411294
490457
527453
458873
467515
364364
306795
252029
103864
93961
47897
76238
108459
88335
98568
80644
40017
38332
88715
243129
237839
390807
451583
516480
451800
420737
444719
480558
556468
442027
300885
253653
135400
58481
10349
123745
161875
195766
190308
163861
66106
21273
23934
32385
6162
40128
83341
194312
235515
269998
324007
364907
463930
490707
467582
575918
706313
663629
654463
625489
620623
682358
796536
733787
842174
949770
1216668
1423907
1472148
1623201
1703953
1125946
900546
536666
186480
98934
317360
340765
860657
1034051
1060298
746639
272412
131277
76752
4548
18604
119299
340018
516011
729142
923874
1066827
1108251
1181119
1210456
1345272
1285000
1020716
886373
848243
753767
537817
384067
303639
118879
59822
23071
6309
26494
32070
129548
169174
164516
130938
83183
60464
50393
39681
13584
47889
77354
46096
77413
144766
232067
193940
154594
182144
156346
131469
148796
97936
34982
21809
33084
29126
10563
5768
52620
64957
35195
34095
61108
79686
98746
112180
171875
209154
31095
143455
180964
315753
423147
548430
565440
574368
632803
675786
596099
441806
361758
123366
81406
35706
104910
151280
241976
167532
59610
137602
226990
488342
707748
667583
776995
792948
574838
618412
331793
212665
925
18407
83675
127380
28944
42310
189115
169198
139490
149566
207770
226021
295523
346960
383352
464850
504804
500025
488127
363772
198058
110218
14345
84500
168834
346947
458840
561088
629729
681995
690738
430774
177250
75084
63941
125525
182711
142370
116502
146704
277944
287774
345458
343237
449419
533241
595701
610797
748757
817812
831744
905232
867429
939659
1018021
998159
816764
498271
499741
809752
1269122
1602589
2048774
2513518
2630199
2631358
2610390
2494169
1949225
1336305
580951
166451
189552
715391
1438361
2703954
2207256
1943957
1464934
612921
795906
679630
805819
1132561
1552208
2028723
2309617
2559091
2437580
2100197
1630863
633734
531594
534766
529077
384392
337421
372402
246983
152144
151015
198142
130414
39930
31186
57603
184334
291889
157084
81044
45679
29050
50998
138669
104484
170512
107887
97605
95256
129257
81403
59288
124866
138354
111565
132039
149512
98863
28321
106407
170322
145478
17008
151865
422587
547759
554059
480585
419891
267283
291849
375268
398543
474178
459782
441416
419465
484197
473843
389544
296272
294630
271883
204448
122227
86439
60878
52793
6554
86553
154502
165541
198876
293130
266725
215209
27956
157134
426089
441271
258304
336248
372312
358276
253233
343388
349978
437088
547664
507831
510502
480355
130381
27129
11920
46401
20441
5917
21858
60256
118841
235264
309418
372367
338037
360403
307519
271532
207822
237421
261443
260249
246432
190975
39957
104312
70171
58645
44406
78152
73793
70381
29324
30385
32384
74776
102670
75328
67858
54831
55149
108369
97407
107393
89837
112366
198766
210429
184493
176990
88635
47418
3518
16941
54991
29824
14757
41587
82651
146980
233155
326945
312076
253918
209585
131971
5593
50083
59240
54428
57221
135391
173208
229487
300965
450390
502944
506541
390354
270820
234746
183122
239092
248810
225721
234968
240271
187765
27020
45482
142576
157982
164468
197484
194808
196202
179736
136877
66307
47090
68860
9929
72943
144103
173415
176795
180805
180385
97773
96475
119659
125525
88273
26552
405
79666
174992
200019
239010
297745
373757
364905
393577
335666
332993
305358
391600
431940
532719
503781
483474
452591
397771
347181
289613
253947
213969
171968
70400
66165
6146
13077
68465
138538
162332
156986
190391
309871
321057
417993
521453
498475
373237
293519
277477
256486
106998
127185
65939
32834
77184
146830
219726
120957
120833
155042
226548
274395
382066
485746
480604
477205
454144
429671
223412
192356
119814
81883
99031
140841
110323
207285
158653
122468
87101
159126
144650
160067
207007
173968
107571
81520
4478
69695
154079
165705
144523
174240
118050
32704
245187
380733
382812
280556
255713
225111
207240
206220
240135
188334
138759
20734
43857
140263
242097
199643
88371
107861
238661
333155
402740
411998
224091
224164
132959
47113
32457
105829
58258
30619
40748
103323
172574
263833
220292
119011
38502
101358
144368
298321
406712
494657
460777
427703
396112
428161
396091
462224
478521
469742
332778
218183
27888
69646
267042
393543
367085
217933
176318
266407
319990
364406
519090
540781
513044
314349
95143
23161
125007
1376
43872
133412
228542
247461
200588
259250
337062
323167
294636
280943
160878
123347
145833
162914
209298
287703
321355
294372
285926
171377
162781
136228
124861
161467
152875
131036
127650
194014
256160
125081
104703
11713
11103
25483
56833
22074
35118
81250
121480
137532
201378
294777
193070
64566
44350
51583
19320
51679
173372
268627
271919
324867
388422
385349
383534
314007
263223
208868
179825
138042
232694
181865
108583
34502
18920
16698
20761
46883
90736
93356
86159
174014
288401
419451
318918
200849
184808
196371
125476
143383
11960
101373
72354
2429
47742
110991
74749
17192
1985
2735
20743
5743
226937
314857
275185
183995
113450
63676
39202
126744
162272
203943
120153
98491
65106
55039
45997
17165
48015
137993
258357
270405
388147
488705
478056
440253
350749
273510
226831
203367
238430
245816
258543
276567
318764
363396
302802
285569
170366
204702
199481
184219
166605
135206
65188
31543
8669
23036
24138
26113
78589
99043
20336
35465
7445
58924
169177
250431
328823
488510
601397
726286
835369
886606
837084
768471
618933
411574
108566
52474
6293
84581
63972
136104
109610
101563
103657
101760
2396
58994
39862
143404
176350
82599
24852
53293
157378
217964
189381
271750
366539
336550
364862
303684
253118
163725
102246
108329
16175
66368
2312
102957
165880
190332
228705
352942
314451
367000
317204
221609
184275
213806
204614
179903
182887
221293
176343
89248
49105
31065
2723
67863
179622
152003
95138
12752
4805
119780
189945
147731
126330
33502
45941
23114
29227
94926
201648
145809
14995
156431
234228
251471
265622
259319
221875
174459
102757
68543
5813
13741
71844
118859
110911
123178
116368
156401
131911
41946
55428
99815
145749
109218
138160
213534
255372
256253
253735
221483
188948
15133
69361
14411
6558
13463
17727
56135
102907
123690
111807
120333
104531
111134
98338
53003
9561
73818
165978
264660
301367
256776
176880
193049
111194
135009
180280
242007
171137
132544
28135
24430
61057
80555
54931
16206
71999
100902
106649
143534
127123
88664
161243
150707
181848
180667
215039
232643
243169
247437
318644
399955
425553
544475
550963
466930
421036
209369
27281
106919
139388
115350
144793
191086
191577
159336
67072
40511
15842
75007
53116
32238
22828
68869
65075
145249
145345
127999
118123
99175
133940
190783
125847
147652
133391
192627
218037
225727
290375
309226
320791
446645
555674
553215
593978
678903
541201
398291
196288
143284
100912
30179
35931
1892
8564
79727
116334
84743
116185
169406
110218
51646
50451
16341
41710
423
1283
49870
84127
129579
123217
196637
259930
399741
464555
568178
568864
561570
569802
426870
378577
262867
214338
150121
72871
54126
69464
104393
117204
132624
128942
156668
102323
63568
12559
54263
84681
176985
190005
243813
249638
250575
315817
407838
441944
428990
340105
272246
240823
195909
191068
162698
95783
11462
4018
10587
48850
80681
84149
105504
124083
129257
116011
109576
87475
42626
39576
71918
91805
115070
155470
169134
156864
101011
96683
109178
125493
141446
109127
62871
42304
82907
65512
42317
58140
39335
14922
34657
12737
51423
66560
93953
87955
121140
132942
140624
93071
83736
129938
154845
196619
116694
64840
40134
6060
70498
121888
130224
119341
68314
128852
43504
17356
61290
48339
76159
93060
101403
103733
101910
93613
50163
9518
85816
204065
271119
343022
360338
384993
352753
315138
319725
294429
315163
329374
344434
266914
220577
200329
208927
222830
199994
139590
75598
113071
92305
57129
12424
12991
4718
44009
17950
18992
4597
31218
96433
165561
164534
175129
141525
152859
114621
62583
31786
28620
49553
23523
4012
44478
37436
60334
52766
55957
23395
29403
26724
26481
57292
49253
16819
54699
44387
24072
10015
8030
6096
6267
23758
9591
16529
15865
13370
57581
2005
46334
1808
46106
90051
93564
94120
108506
128853
162493
169180
183805
129540
175228
148574
79381
66026
24700
27464
102530
126748
144428
232113
165052
142627
93435
84920
66518
119997
95459
111998
107236
109583
116094
131557
111986
32312
28987
46038
69419
118633
113155
154894
194558
124304
129628
143538
139544
139292
86407
65756
68340
18765
17385
54684
80475
101221
143020
225462
371465
444996
458225
401500
352698
276239
301133
312014
266106
180406
160283
66298
19231
37552
107862
132916
201155
180342
213173
121061
82488
85027
24952
4336
50606
56444
42159
70703
92941
70934
68036
124616
168932
189308
207109
235632
253006
190926
183859
159111
135826
179844
185314
240972
266015
215949
205154
170312
212753
141403
89202
71411
9044
68095
60483
122172
252609
311764
368897
439524
379477
428082
372503
281064
10131
68295
68060
110432
149116
96042
44586
45794
29920
90359
37633
55959
65798
186060
272622
273558
189923
144813
52542
101638
75026
122116
134328
21735
80911
102974
191122
201162
183361
75679
131060
153080
117656
96534
113863
50015
27333
17871
8705
24722
63570
30920
66705
102101
114334
139919
174210
170812
116148
147194
181618
194722
206101
219136
179492
102675
120065
130720
194733
138709
124623
125095
117788
105182
75943
57134
1202
18769
47276
35937
80445
63497
92860
71176
50625
6112
817
11643
30315
27053
11451
15238
16403
15256
37059
19948
12459
42785
37645
115652
183654
230505
248777
202945
112906
29197
108829
225676
234589
236433
264146
284226
258181
285087
279838
219048
115578
34921
22538
6644
45488
36344
26917
39366
74581
69188
63527
58165
77692
111773
28493
2188
61481
147391
164311
177446
184681
151997
175479
217170
208060
144905
157342
105581
42841
8832
50207
106260
132802
111140
115258
69642
30378
27163
18728
2765
24692
7064
9782
14305
11686
56340
51222
55840
70221
71759
62913
61517
27624
10960
59713
28301
21201
52099
90918
61305
79339
126564
153478
124252
140809
81940
55806
48950
39355
28091
10782
23404
45918
21400
18092
43556
4228
6907
18661
5655
16724
4976
15011
48973
109394
111181
109008
101099
108875
85929
63752
29187
72468
97860
46695
17861
27355
38824
71725
70077
79490
95839
93664
62466
103986
94454
79017
75518
73730
46565
2877
47568
135041
357478
421979
549809
605901
665872
749223
794397
769740
652873
368934
2294
94480
124377
156288
223967
351783
404263
386130
318295
183333
47002
67827
58691
52532
60000
65354
80097
87067
58855
100940
102120
7291
22667
68776
85972
106756
131842
183181
159064
89527
66938
127578
105412
65451
112825
102358
163702
146445
107469
74450
63481
83586
107853
77531
86977
8671
89754
248671
301754
346522
331282
283770
230675
85653
35335
66122
7226
32907
15035
12674
23556
4083
14240
21877
30205
44109
9857
37012
71364
82275
114087
199257
194530
175366
230172
281955
305057
333829
360371
344676
281832
164121
42008
32502
48265
67648
122743
123105
118055
39141
24107
18403
14919
62454
145468
194146
319368
430123
433768
438419
440773
426097
304606
157791
96088
6990
31720
70636
69231
133737
197460
295815
411373
382877
403339
586341
528198
422930
414277
398155
391197
415144
428753
405897
423678
434688
428278
188690
140436
82358
17692
15378
66590
45748
15871
7701
8673
21508
11322
5980
2489
15913
36129
55365
117379
123561
127061
128504
139145
161798
147301
112517
102908
84123
52644
57683
47537
33609
20550
63821
59736
113767
159816
143222
165305
138008
151933
121813
120968
73302
14726
30789
52042
151863
202628
232269
211315
163146
183281
152191
151495
125318
112912
87691
77848
102215
166170
254883
239884
197436
140744
92648
25388
20718
20914
4526
62429
96939
203358
256725
333613
371227
333140
356781
467335
540251
579266
613804
644794
569371
663022
619494
482955
473042
290898
263274
191891
225601
203424
205649
216456
229531
256097
297710
360782
357127
338187
305184
253734
267864
278440
143944
24433
15715
82710
119906
91836
22515
217202
208183
152740
146429
186487
254240
354300
372213
473784
577573
716040
876402
1018759
1255018
1515067
1672692
1766595
1644147
1513800
1348144
849527
844095
839756
769324
627839
570899
571380
478166
255205
112393
361749
469282
554169
695638
1097547
1402861
970279
366770
271716
388105
396895
282925
116939
14955
16356
67760
151780
145372
195344
224705
188894
206375
194722
164693
174648
253558
324519
292817
281268
249635
198892
8177
107257
196230
220107
189018
165828
91685
57477
39371
8459
10627
29076
52128
41015
32719
63973
92339
98687
115527
122602
63019
29787
34758
16484
4997
53770
105558
118322
125163
148373
163632
190516
198455
170218
141964
99997
102848
81785
95635
131054
94414
108262
141731
187829
152989
93505
41800
1062
47898
90789
144806
167134
239379
309947
371850
390901
396783
444694
495205
520549
421692
363951
263125
268220
225987
200315
194066
180937
186340
247614
218092
147874
114013
62781
56783
67526
188915
251217
368030
492074
558915
685572
910746
951654
875526
791009
764595
657641
555447
366035
185763
6730
75502
130962
138300
126737
149678
197631
217143
222043
199325
186231
133935
4506
13526
17188
18061
7670
15882
19164
21066
65281
129539
124386
114865
84641
90592
70926
28736
18540
22340
6237
12239
19590
51445
49420
36527
35897
54327
56568
30382
16583
3166
3872
20473
12582
31352
42244
56031
66707
78767
13176
12041
9255
2797
