17800
17800
17820
17830
17840
17840
17840
17840
17810
17810
17800
17800
17750
17800
17810
17780
17720
17750
17790
17790
17820
17840
17770
17800
17810
17710
17700
17700
17610
17450
17410
17520
17490
17480
17450
17450
17400
17340
17300
17350
17280
17440
17200
17250
17400
17570
17570
17640
17580
17600
17570
17610
17630
17630
17630
17650
17670
17680
17620
17590
17590
17530
17590
17510
17510
17550
17530
17550
17570
17520
17550
17540
17510
17510
17520
17520
17550
17500
17470
17480
17540
17530
17440
17480
17450
17410
17410
17370
17400
17380
17400
17400
17450
17450
17460
17450
17450
17500
17500
17500
17510
17480
17500
17530
17500
17580
17570
17520
17530
17490
17480
17460
17460
17540
17570
17450
17450
17490
17450
17480
17480
17450
17490
17490
17490
17480
17490
17500
17530
17530
17540
17540
17490
17490
17490
17500
17500
17500
17490
17500
17570
17600
17620
17610
17610
17600
17630
17600
17600
17610
17640
17640
17670
17750
17690
17700
17660
17650
17700
17690
17540
17520
17680
17520
17600
17600
17600
17600
17570
17600
17640
17630
17640
17640
17640
17650
17620
17720
17660
17700
17770
17820
17870
17780
17880
17830
17830
17890
17890
17830
17890
17840
17780
17800
17850
17930
17890
17890
17900
17860
17900
17960
18000
18030
18020
18030
18030
18060
18090
18090
18080
18080
18040
18040
18030
18090
18020
18070
18020
18100
18100
18120
18120
18100
18200
18130
18160
18150
18170
18150
18190
18290
18220
18240
18220
18270
18120
18110
18120
18060
18020
18100
18040
18030
18030
17960
18040
18040
17990
17910
18030
18030
18040
17910
18070
18000
18000
18070
18070
18050
18040
18040
18040
18040
18000
17940
17960
18040
18050
18090
18000
18080
18100
18040
18050
18000
18000
18000
18090
18030
18120
18050
18050
18100
18050
18100
18100
18100
18060
18050
18070
18050
18100
18100
18130
18100
18130
18100
18150
18120
18140
18160
18150
18120
18100
18100
18100
18110
18140
18130
18100
18110
18110
18100
18080
17900
18020
18000
17850
17880
17850
17870
17840
17810
17840
17810
17800
17850
17800
17840
17840
17840
17840
17800
17820
17790
17750
17750
17750
17730
17640
17600
17640
17680
17560
17620
17540
17500
17480
17490
17400
17480
17450
17480
17380
17400
17450
17450
17450
17400
17370
17370
17420
17430
17440
17410
17440
17390
17360
17440
17450
17440
17330
17330
17330
17330
17250
17330
17330
17230
17330
17220
17330
17210
17320
17250
17340
17370
17330
17260
17250
17280
17400
17420
17400
17240
17200
17130
17110
17100
17120
17090
17050
17100
17100
17130
17130
17140
17100
17140
17050
17080
17100
17150
17150
17190
17250
17180
17160
17100
17130
16950
16980
17000
17010
17020
17030
17040
17040
17040
17040
17140
17030
17020
17100
17120
17020
17040
17060
17000
17000
17000
17050
17040
16950
16990
16920
16980
16960
16880
16880
16960
16970
16880
16980
16880
16920
16930
16870
16900
16920
16950
16900
16970
16950
16980
16950
16940
17020
16880
16950
16900
16800
16900
16900
16900
16890
16990
16990
16930
16980
17000
16950
16940
16990
16980
16960
17010
17050
17000
17110
17200
17230
17230
17210
17290
17230
17240
17270
17240
17200
17250
17200
17230
17200
17240
17230
17270
17290
17230
17270
17190
17320
17350
17280
17300
17330
17220
17200
17220
17230
17210
17220
17220
17330
17340
17340
17270
17180
17230
17220
17270
17280
17280
17340
17390
17350
17390
17330
17320
17310
17310
17270
17260
17290
17290
17280
17280
17280
17280
17310
17310
17320
17350
17370
17230
17250
17270
17290
17250
17260
17240
17210
17220
17170
17120
17110
17180
17080
17060
16960
16980
17080
17000
17090
16950
17000
17120
17100
17020
16960
16940
17090
17100
17100
17110
17280
17400
17400
17070
16900
16850
16730
16840
16840
16730
16690
16670
16650
16680
16670
16670
16650
16650
16680
16650
16690
16690
16680
16690
16660
16630
16630
16630
16620
16590
16630
16630
16630
16630
16610
16620
16630
16600
16610
16590
16550
16580
16570
16550
16530
16580
16620
16630
16600
16640
16580
16620
16590
16610
16590
16610
16600
16630
16590
16620
16640
16590
16560
16550
16640
16610
16630
16560
16630
16600
16630
16640
16560
16590
16510
16550
16550
16590
16550
16570
16600
16500
16550
16500
16570
16570
16540
16540
16560
16510
16510
16590
16500
16520
16500
16550
16650
16660
16540
16550
16580
16570
16550
16600
16610
16630
16550
16620
16590
16580
16590
16600
16600
16590
16550
16560
16640
16650
16660
16600
16610
16600
16550
16590
16620
16690
16600
16660
16660
16660
16530
16660
16660
16690
16640
16620
16740
16630
16740
16690
16750
16700
16740
16700
16730
16690
16720
16750
16650
16640
16620
16600
16620
16540
16600
16600
16590
16600
16520
16580
16540
16550
16600
16590
16500
16550
16500
16500
16510
16590
16520
16500
16550
16550
16540
16540
16500
16500
16550
16500
16510
16590
16540
16540
16510
16600
16610
16580
16600
16580
16630
16670
16610
16680
16670
16530
16580
16610
16650
16670
16670
16670
16670
16670
16610
16670
16670
16670
16620
16640
16580
16640
16650
16590
16670
16660
16620
16660
16610
16550
16590
16620
16620
16620
16670
16670
16670
16600
16690
16650
16690
16630
16400
16670
16580
16610
16680
16690
16700
16700
16750
16870
16850
16850
16690
16680
16590
16670
16670
16670
16680
16600
16660
16630
16660
16700
16610
16650
16650
16690
16730
16700
16640
16680
16650
16680
16700
16700
16570
16460
16550
16540
16450
16490
16450
16450
16460
16480
16440
16460
16450
16460
16490
16390
16430
16400
16410
16350
16400
16340
16330
16300
16330
16330
16330
16320
16260
16260
16330
16260
16330
16260
16280
16250
16270
16260
16300
16300
16300
16340
16260
16260
16200
16210
16210
16210
16170
16210
16190
16190
16170
16220
16230
16190
16240
16170
16160
16170
16190
16190
16160
16140
16190
16190
16170
16180
16190
16190
16150
16170
16070
16100
16100
16130
16130
16140
16130
16130
16130
16120
16130
16060
16100
16140
16130
16100
16110
16120
16120
16120
16160
16130
16150
16140
16040
16010
16170
16170
16170
16170
16170
16170
16100
16150
16150
16190
16050
16000
16140
16180
16240
16240
16150
16240
16200
16150
16250
16180
16190
16230
16230
16230
16150
16130
16240
16150
16160
16200
16150
16200
16200
16240
16310
16360
16400
16390
16420
16450
16520
16500
16400
16470
16390
16360
16400
16390
16340
16380
16320
16420
16390
16400
16370
16310
16330
16390
16440
16440
16450
16450
16470
16450
16480
16460
16330
16300
16250
16310
16310
16310
16310
16290
16290
16350
16350
16270
16320
16300
16290
16310
16350
16350
16350
16380
16320
16320
16270
16200
16090
16090
16070
16000
15910
16000
16070
16070
15960
16070
16030
15950
16080
15990
15850
15860
15940
15940
15930
15940
15930
15910
15890
15820
15750
15830
15830
15850
15800
15930
15930
15930
15760
15760
15760
15750
15890
15870
15800
15800
15940
15940
15890
15890
15810
15810
15790
15790
15790
15600
15790
15830
15750
15790
15790
15790
15650
15670
15770
15730
15680
15670
15700
15780
15870
15870
15870
15840
15850
15870
15900
16010
16070
16120
16030
16040
16000
16050
16030
16080
16060
16040
16040
16070
16060
16050
16090
16050
16100
16120
16120
16080
16080
16100
16050
16060
16050
16050
16070
16000
16020
16020
16090
16100
16100
16010
16070
16100
16090
16140
16060
16030
16050
16190
16100
16130
16130
16200
16280
16340
16390
16400
16420
16400
16400
16530
16550
16490
16450
16480
16490
16330
16430
16420
16540
16560
16570
16500
16570
16570
16590
16490
16430
16520
16440
16540
16530
16530
16530
16570
16540
16540
16590
16550
16570
16590
16580
16530
16560
16620
16550
16600
16650
16700
16690
16690
16700
16670
16650
16720
16660
16700
16750
16760
16760
16760
16790
16760
16760
16790
16800
16830
16840
16830
16840
16890
16870
16920
16930
16930
16920
16920
16980
16940
16880
16860
16850
16840
16840
16840
16840
16820
16810
16810
16780
16810
16800
16790
16790
16770
16710
16770
16800
16800
16800
16810
16790
16780
16770
16810
16730
16810
16810
16810
16730
16810
16810
16800
16710
16750
16750
16790
16790
16840
16780
16780
16760
16770
16760
16760
16790
16720
16800
16820
16720
16710
16710
16830
16840
16840
16800
16840
16770
16800
16810
16800
16860
16870
16810
16810
16810
16810
16780
16760
16790
16820
16650
16710
16640
16640
16710
16650
16710
16710
16710
16640
16620
16670
16650
16610
16660
16680
16730
16640
16660
16660
16660
16680
16690
16650
16620
16650
16660
16700
16650
16650
16730
16730
16720
16670
16670
16670
16680
16660
16670
16680
16600
16650
16660
16660
16720
16700
16760
16850
16800
16840
16800
16800
16800
16800
16720
16710
16820
16820
16790
16790
16750
16820
16790
16770
16820
16720
16830
16820
16830
16840
16800
16810
16810
16780
16700
16740
16700
16700
16810
16840
16810
16820
16780
16710
16780
16740
16770
16800
16740
16820
16820
16800
16800
16820
16840
16870
16900
16910
16920
16910
16980
16980
16920
16920
17050
16930
16900
16900
16900
16940
17040
16950
16930
16910
16910
16910
16900
16910
16920
16900
16900
16900
16900
16860
16900
16910
16910
16900
16930
16920
16850
16890
16850
16890
16900
16890
16910
16900
16940
16850
16850
16950
17000
16980
16980
16970
16970
17030
17030
16970
16970
16970
17050
16990
16950
16960
16950
16950
16950
16920
16930
16890
16930
16930
16940
16970
17040
17040
17000
17000
17000
16900
17000
16950
17050
17000
16910
16910
16950
16860
16900
16900
16900
16980
17020
17060
17040
17090
17090
17130
17070
17190
17060
17060
17130
17130
17130
17130
17200
17340
17280
17260
17280
17300
17310
17270
17350
17360
17370
17350
17390
17400
17480
17410
17420
17490
17480
17490
17490
17480
17410
17450
17400
17410
17400
17420
17400
17400
17420
17380
17380
17400
17380
17420
17400
17390
17380
17430
17430
17430
17410
17410
17420
17400
17420
17440
17460
17430
17430
17430
17440
17450
17450
17450
17430
17430
17440
17450
17380
17400
17400
17350
17340
17290
17390
17450
17560
17450
17500
17590
17450
17580
17500
17490
17270
17250
17290
17220
17170
17240
17220
17260
17280
17230
17290
17240
17190
17010
17100
17110
17110
17100
17070
17070
17070
17060
17060
17090
17050
17030
17000
16960
17010
17060
17050
16940
16980
16970
16970
16990
16950
17060
16980
17070
16980
16880
16910
16900
16790
16790
16820
16820
16800
16830
16810
16840
16820
16850
16830
16830
16830
16830
16900
16890
16900
16840
16840
16840
16850
16900
16860
16860
16910
16900
16900
16910
16890
16900
16890
16900
16900
16920
16890
16850
16890
16850
16950
16980
17000
17080
17100
16900
16950
16880
16880
17090
16880
17000
16860
17020
17090
16910
16930
16820
16850
16890
16900
16970
16950
16840
16850
16800
17000
16940
16890
16990
16850
16800
16800
16800
16970
17040
17000
17050
16990
16990
17000
16990
16920
17030
17050
17070
17050
17090
17230
17290
17330
17350
17270
17340
17450
17380
17500
17460
17590
17440
17580
17500
17600
17580
17600
17620
17600
17790
17800
17800
18000
18090
18220
18390
18260
18310
18340
18370
18380
18400
18390
18390
18350
18370
18220
18440
18300
18270
18110
18260
18110
18210
18390
18300
18110
18050
18150
18210
18300
18290
18310
18170
18310
18310
18310
18160
18310
18310
18280
18280
18300
18320
18350
18250
18170
18200
18350
18460
18490
18700
18590
18590
18420
18300
18580
18320
18590
18590
18590
18400
18590
18470
18310
18490
18420
18420
18540
18090
18300
18380
18410
18600
18390
18310
17920
17840
17910
17750
17850
17820
17850
17850
17810
17840
17800
17800
17800
17740
17610
17550
17610
17640
17650
17680
17600
17630
17580
17500
17600
17600
17590
17800
17800
17940
17940
17940
17780
17940
17730
17780
17800
17740
17930
17920
17840
17820
17800
17850
18190
17850
17800
17960
17820
18100
17800
17640
17630
17460
17500
17620
17600
17640
17600
17430
17550
17640
17600
17640
17690
17740
17750
17800
17800
17890
17790
17840
17950
17950
17580
17950
17900
18280
18200
17890
17890
18190
18190
18240
18190
18100
18190
18100
18100
18390
18460
18660
18650
18800
18460
18460
18290
17700
18000
17810
17600
17840
17840
17840
17600
17740
17600
17800
17730
17730
17740
17700
17760
17780
17680
17510
17550
17650
17590
17590
17400
17200
17300
17300
17380
17390
17200
17400
17400
17400
17400
17390
17450
17390
17590
17700
17500
17480
17600
17640
17560
17940
17990
17850
17410
17200
17110
17500
17200
17720
17720
17550
17600
17600
17450
17790
17500
17100
17570
17500
17640
17300
17520
17550
18250
18000
17890
17840
17900
17000
16900
17040
17040
17000
17000
17000
16990
17000
16980
17000
16990
16830
16700
16750
16670
16450
16750
16450
16690
16290
