10
10
6
5
4
3
4
1
2
3
2
0
-1
-2
-4
-7
-10
-9
-3
-5
-10
-9
-7
-5
-5
-4
-2
-2
0
-1
-4
-2
-6
-5
-5
-6
-8
-10
-8
-8
-4
-1
-1
-2
-5
-4
-4
-4
-2
-6
-10
-12
-12
-11
-10
-9
-13
-13
-14
-14
-11
-10
-7
-5
-4
-4
-3
-4
-5
-5
-5
-4
-3
1
2
3
5
13
22
28
35
40
41
45
44
39
37
32
21
12
12
18
13
8
1
-5
-15
-24
-30
-33
-38
-37
-47
-35
-19
-8
-7
-4
-7
-5
-4
0
3
5
8
11
12
11
6
3
2
0
1
-2
0
3
3
6
7
5
7
7
7
9
11
13
13
11
11
13
15
11
5
4
0
-5
-6
-10
-9
-10
-9
-8
-5
-5
-5
-5
-3
0
0
0
1
1
4
7
8
13
11
7
6
3
3
4
7
10
7
0
0
2
0
2
1
0
3
2
2
2
3
4
5
4
2
-1
-6
-8
-9
-10
-11
-11
-11
-7
-1
0
1
0
0
0
1
1
3
7
12
16
20
25
21
21
19
19
19
13
3
5
9
0
3
2
0
-2
-4
-3
-3
-6
-8
-10
-13
-14
-14
-9
-10
-4
1
5
6
2
6
2
3
4
1
-4
-5
-12
-16
-15
-12
-11
-14
-16
-17
-18
-14
-9
-6
-4
-4
-3
-2
0
0
-2
-5
-8
-12
-14
-15
-14
-19
-18
-19
-14
-14
-13
-12
-10
-5
-7
-3
-1
3
8
16
24
22
24
24
23
13
12
11
7
6
9
5
3
2
0
3
0
-3
-5
1
0
-2
-5
2
0
2
6
5
2
1
0
-1
-5
-9
-11
-6
0
0
0
-4
0
-3
-8
-10
-13
-12
-10
-6
-9
-6
-11
-11
-10
-14
-12
-14
-17
-21
-21
-21
-20
-17
-16
-14
-16
-13
-13
-10
-9
-7
-5
-6
-7
-5
-2
1
6
10
11
13
15
15
13
8
0
4
-1
-9
-8
-9
-9
-10
-10
-8
-8
-5
0
0
6
9
11
14
14
17
16
16
18
17
15
11
12
16
16
10
11
4
0
0
-1
-3
0
-1
-2
-6
-4
-1
-2
-3
-7
-7
-4
0
2
3
3
4
3
5
10
8
4
-2
-3
-4
-6
-9
-5
-8
-12
-7
-11
-6
-8
0
0
8
10
8
8
14
23
31
29
21
8
2
-3
-5
-6
-7
-10
-10
-7
-6
-3
-4
-4
-6
-5
-7
-2
3
9
13
18
19
12
7
0
-3
-14
-11
-10
-8
-7
-5
-2
0
2
5
10
5
9
14
14
9
12
12
10
12
14
16
14
9
10
7
10
7
3
6
10
8
5
8
4
6
5
3
7
10
12
12
16
16
17
15
14
13
3
3
-2
-7
-2
-3
-4
-3
0
-4
-9
-10
-13
-20
-23
-23
-26
-27
-24
-21
-19
-8
-1
1
0
1
4
1
1
1
-2
-5
-3
-6
-4
-6
-3
-2
0
0
-2
0
0
8
6
2
2
-1
-9
-11
-10
-10
-11
-9
-6
0
-3
-9
-17
-22
-18
-17
-13
-10
-6
-1
1
-1
-2
-7
-8
-10
-12
-15
-15
-13
-13
-13
-12
-8
-4
0
2
5
7
6
1
5
9
11
10
11
9
7
6
1
-2
-3
-5
-14
-19
-25
-22
-18
-23
-20
-26
-19
-13
-16
-19
-17
-6
12
22
34
49
67
71
57
31
19
14
11
16
11
2
-1
-2
-2
0
0
0
0
0
3
3
6
6
6
5
3
1
1
1
1
1
4
4
5
4
3
4
3
0
0
-4
-6
-6
-7
-8
-6
-1
1
1
0
0
-2
0
-1
-1
-1
0
0
1
0
1
1
-2
-2
1
7
6
6
5
10
9
10
8
3
4
1
4
5
7
4
5
4
0
1
0
3
2
0
-1
-1
-5
-4
-2
-7
-5
-3
2
6
3
-3
-2
-1
-1
-1
1
1
1
-1
1
-1
-1
-1
-2
-3
-5
-6
-4
0
0
-3
-8
-9
-11
-12
-8
-6
-5
-10
-8
-10
-13
-17
-9
-9
-9
-10
-8
-1
-3
4
4
8
8
12
12
15
15
17
16
10
8
7
6
6
4
8
8
8
7
4
8
6
8
9
6
1
3
0
1
3
5
0
0
2
1
-1
-3
-6
-6
-5
-8
-7
-5
-9
-9
-8
-3
-3
-5
-3
-2
0
1
0
0
-5
-11
-5
-1
2
4
4
5
5
4
2
6
5
3
0
0
0
3
2
0
4
1
-1
-2
-7
-9
-6
-4
-3
-3
-1
-2
-4
-8
-6
-12
-17
-27
-34
-19
-23
-18
-11
-8
-3
1
10
16
11
4
-7
-10
-13
-9
-9
-11
-12
-15
-12
-12
-9
-7
-9
-4
0
5
9
8
9
13
15
18
18
12
2
0
4
1
-2
0
-1
0
2
4
4
7
8
9
10
5
7
6
5
3
4
0
0
0
1
1
0
-1
-4
-1
0
-1
1
-2
0
0
2
5
9
10
10
10
4
2
-1
0
-1
-1
-2
0
-1
0
0
4
5
3
4
0
0
2
4
3
2
3
7
8
8
10
10
8
4
3
-1
1
2
5
5
6
5
5
4
3
2
0
3
5
4
2
3
4
4
4
5
3
2
-1
-5
-1
9
9
8
7
6
3
0
1
0
-3
-11
-7
4
8
10
8
4
8
4
3
6
2
2
1
-1
-8
-16
-18
-18
-27
-29
-30
-33
-30
-27
-21
-15
-9
-5
-3
1
5
7
3
-2
-1
-8
-9
-8
-11
-14
-13
-14
-10
-13
-15
-18
-18
-12
-4
0
2
4
5
7
5
3
-4
-14
-17
-19
-15
-15
-15
-14
-13
-10
-6
-6
-8
-2
0
6
13
20
25
28
31
28
25
20
12
5
3
0
-4
-3
6
12
11
8
15
12
10
15
6
0
5
12
12
12
12
9
4
0
-5
-6
0
1
4
6
13
10
5
-4
-1
3
12
12
13
20
30
29
25
23
17
16
15
13
10
4
17
16
10
9
4
-1
-12
-12
-12
-20
-25
-25
-21
-15
-13
-15
-18
-20
-17
-11
-4
5
8
8
2
2
1
3
3
6
5
5
6
8
8
10
13
14
19
21
20
18
18
17
13
13
11
10
8
4
6
7
9
5
1
-4
-3
-5
-9
-14
-24
-28
-27
-24
-32
-30
-28
-20
-13
-8
-5
-3
-2
-1
3
10
10
8
2
0
0
-4
-10
-1
3
12
13
12
10
14
12
8
0
-3
0
-1
3
1
1
1
2
0
0
0
-3
-3
-4
-8
-11
-10
-9
-11
-7
-3
-2
-4
-7
-9
-13
-14
-12
-16
-13
-11
-12
-14
-15
-15
-18
-18
-16
-15
-12
-11
-10
-6
-2
0
5
7
9
10
13
15
11
6
6
6
6
6
5
5
3
2
1
0
2
0
0
-2
-4
-5
0
1
1
1
0
0
-1
-1
0
-1
2
2
0
-2
1
0
-4
-7
-4
-1
1
1
2
-2
-3
-5
-6
-7
-7
-8
-11
-7
-10
-16
-14
-9
-1
-1
-1
-2
0
-1
2
5
9
14
15
13
15
16
16
14
13
14
10
1
3
0
3
6
5
8
6
3
0
0
1
0
0
4
5
5
1
2
2
3
3
1
-1
-2
0
1
3
2
4
9
7
4
0
-1
-3
-5
-8
-11
-14
-18
-15
-13
-11
-6
-3
2
7
5
6
3
2
0
-1
-5
-1
4
3
2
1
1
5
3
3
6
4
12
13
13
13
9
8
4
0
-3
-2
-2
1
7
7
2
0
-6
-10
-9
-11
-11
-12
-15
-12
-14
-16
-15
-13
-11
-7
-5
-3
-1
0
4
3
1
3
7
0
0
2
5
10
13
6
5
3
3
3
3
4
4
3
3
2
2
1
3
3
3
2
1
-1
-5
-4
-6
-4
-5
-6
-7
-8
-8
-11
-7
1
4
4
5
7
10
13
13
10
12
15
10
7
7
6
5
4
2
2
2
6
8
12
17
22
21
18
17
15
11
16
14
15
6
-1
-4
-7
-14
-12
-12
-10
-4
-2
0
-2
0
-2
-3
-6
-11
-10
-21
-22
-20
-21
-21
-18
-12
-8
-13
-15
-15
-15
-15
-16
-11
-11
-11
-9
-5
-1
2
0
4
10
10
9
8
5
1
1
-1
0
-1
-1
-3
-3
-3
-7
-7
-7
-8
-6
-9
-9
-8
-5
-6
-7
-10
-9
-9
-9
-7
-6
-7
-9
-8
-8
-7
-6
-7
-9
-11
-12
-13
-16
-21
-22
-24
-27
-25
-20
-6
3
11
12
20
26
22
28
20
12
0
0
0
-1
0
7
9
14
16
14
15
8
2
-5
1
2
2
1
0
2
3
4
4
5
2
0
0
1
7
10
7
3
8
10
14
18
20
27
24
26
17
10
9
4
-2
-2
-1
-1
-3
-1
-2
-1
-2
-1
-3
-2
-1
0
4
2
0
-5
-4
-4
-1
0
-2
-1
1
0
0
0
-2
-3
-5
-4
-5
-7
-7
-3
0
10
15
20
23
18
9
13
12
19
28
20
28
26
37
35
24
23
19
23
28
31
33
28
22
24
27
36
26
22
20
8
5
7
13
24
25
19
16
9
4
-1
-7
-12
-8
-11
-12
-12
-7
0
1
0
-5
-10
-8
-8
-14
-14
-21
-25
-40
-42
-54
-57
-66
-72
-75
-74
-64
-62
-53
-33
-21
-8
0
-3
2
8
13
16
19
20
21
17
19
16
27
20
7
1
-5
1
-4
3
5
-10
-23
-23
-14
-8
-5
-8
-11
-18
-12
-14
-20
-27
-22
-26
-32
-35
-39
-43
-48
-57
-58
-48
-31
-19
-12
-4
-14
-20
-30
-28
-11
-15
3
4
4
0
11
6
7
23
23
29
34
25
52
68
76
79
58
39
14
13
16
12
21
22
26
27
27
28
24
20
13
3
-7
-11
-9
-10
-14
-19
-28
-32
-38
-38
-27
-18
-1
4
12
9
5
-2
2
-7
-1
-1
3
16
16
16
22
31
46
60
44
48
57
52
54
26
11
3
-6
-2
0
-5
-11
-20
-30
-24
-23
-27
-32
-31
-29
-30
-32
-33
-35
-37
-46
-47
-50
-61
-74
-51
-48
-36
-54
-70
-60
-42
-43
-42
-45
-43
-30
-19
6
44
67
89
95
95
70
57
31
1
13
0
-3
12
11
7
0
10
11
26
26
31
36
39
41
38
29
22
26
27
16
3
-17
-29
-24
-24
-30
-39
-31
-34
-38
-40
-41
-40
-35
-32
-18
-17
-27
-20
-7
0
5
21
4
-30
-69
-78
-73
-51
-53
-23
-30
-41
-41
-45
-51
-44
-68
-73
-39
-35
-20
-15
24
59
103
88
79
65
39
-14
-10
4
10
15
25
34
43
53
60
66
66
59
58
63
61
58
71
54
54
24
16
10
6
-7
-6
1
-6
-7
-8
-9
-9
-8
-5
0
-6
-8
-6
-5
-2
-1
6
7
8
7
5
2
8
7
5
2
-2
5
4
1
-4
-11
-22
-24
-25
-21
-17
-20
-23
-16
-17
-11
-14
-14
-17
-13
-10
-10
-13
-11
-12
-15
-19
-24
-26
-28
-30
-37
-32
-32
-17
-5
5
6
8
15
23
31
39
42
40
27
15
14
0
-2
1
6
14
14
13
22
20
19
15
1
10
12
11
9
5
1
2
4
2
0
-4
0
-6
-3
0
6
15
17
18
20
19
17
13
8
3
7
4
0
1
1
5
8
1
4
-3
0
3
1
6
6
5
4
2
0
1
-3
-1
0
-1
-3
-1
3
0
-2
1
0
1
0
-2
-1
4
9
8
7
4
0
-2
-5
-2
3
0
2
5
4
1
6
2
-4
-9
-10
-10
2
2
8
5
0
6
2
-3
-13
-12
-9
-17
-13
-6
-7
-3
-6
0
5
4
12
13
5
1
7
9
4
0
5
11
11
9
7
2
6
1
-5
-15
-14
-21
-29
-27
-30
-26
-25
-21
-11
-15
-16
-12
-10
-6
-6
-7
-7
-8
-9
-10
-12
-13
-16
-21
-26
-34
-30
-21
-14
-3
-1
-10
-17
-18
-23
-20
-14
-16
0
5
14
25
32
38
43
46
48
47
52
46
52
43
34
48
40
30
22
9
8
6
12
17
22
28
37
38
37
33
28
19
6
5
3
-2
-4
-14
-25
-26
-24
-21
0
21
17
7
2
7
0
-8
-15
-23
-23
-19
-20
-18
-14
-15
-14
-10
1
6
7
7
7
0
5
2
-8
-2
7
2
-3
-10
-21
-36
-47
-47
-42
-31
-31
-24
-15
-10
-3
-7
-6
-9
-8
-7
0
-4
5
-1
3
-4
-13
-18
-17
-14
-16
-11
-10
-1
2
2
-3
2
0
-1
-7
-13
-12
-14
-16
-17
-16
-9
-3
-2
-2
-3
6
4
2
-2
3
2
0
2
6
-1
0
-10
-23
-26
-19
-13
-10
-9
-12
-13
-11
1
2
9
9
11
7
14
21
23
20
17
10
7
5
12
13
13
9
3
0
1
-7
-14
-13
-10
-6
-11
-10
-10
-6
-4
0
3
1
-4
-11
-16
-14
-12
-2
4
4
2
-6
-21
-17
-22
-20
-8
-8
-7
-7
-9
-5
-1
-1
-5
-13
-4
7
21
39
37
28
20
7
5
8
1
0
0
0
-1
-6
-2
2
8
16
14
21
27
27
26
33
28
21
9
2
4
2
-3
-3
2
5
-5
-7
-9
-8
-6
-1
-1
-1
-1
-2
-3
-5
1
2
3
2
3
11
18
16
17
15
9
16
11
2
3
-3
-1
0
3
7
13
11
12
15
13
8
8
7
5
2
-3
-10
0
4
2
-10
-17
-17
-20
-24
-17
-20
-22
-25
-27
-19
-14
-11
-8
-8
-4
-3
1
8
7
5
1
3
-3
-4
-7
-2
-3
-6
-11
-8
-4
1
0
-1
4
6
4
14
13
10
3
11
6
4
1
0
-7
-1
-1
-2
-1
-3
-4
-5
0
0
-2
-6
-10
-16
-13
-18
-13
-18
-8
1
1
6
11
9
7
9
5
-2
6
-1
-3
0
4
7
11
15
23
25
33
31
22
28
23
18
23
17
6
0
-8
-13
-10
-7
-2
-8
-17
-19
-17
-12
-2
-3
-3
-16
-5
-3
0
2
3
3
3
1
0
-4
-9
-6
0
0
-1
-3
-3
-2
-1
0
1
2
0
-2
-8
0
3
1
0
0
1
0
1
0
1
5
-2
-2
0
0
-1
0
0
1
3
4
6
4
4
3
4
4
8
18
16
12
4
2
-1
-7
-3
-8
-3
-4
-10
-14
-10
-3
-1
1
2
1
-3
-5
-9
-7
-2
-5
-8
-9
-6
0
1
9
3
-3
-14
-15
-15
-15
-13
-10
-4
3
5
7
10
12
7
2
0
-3
0
3
9
6
1
3
0
2
-1
-7
-8
-7
-7
-1
1
2
7
13
11
10
8
8
12
9
5
9
5
8
5
7
11
8
6
2
-1
0
2
6
11
10
8
4
0
0
1
2
4
0
2
3
4
2
3
-2
-3
-5
-6
-7
-9
-10
-10
-10
-10
-8
-5
-8
-3
-3
-4
-5
-2
-2
2
3
2
0
7
6
5
2
-1
0
2
7
5
0
-6
-5
-3
-1
0
3
1
4
7
3
0
6
3
6
7
0
0
1
-3
-3
-2
-1
0
3
-2
0
2
1
0
1
3
2
-3
-1
2
1
-8
-7
-5
-10
-11
-10
-8
-4
1
0
0
-3
3
2
2
2
2
1
0
-4
0
4
1
-1
3
0
6
9
9
7
3
-2
-1
1
4
9
8
6
2
3
5
8
3
3
2
2
5
1
0
-1
-1
-4
0
6
6
5
3
4
6
9
8
6
8
5
0
0
-4
-6
-9
-5
-10
-5
-14
-8
-6
-2
4
2
2
1
1
0
0
-2
-4
-6
-9
-12
-15
-14
-10
-8
-1
2
1
-2
-7
-5
-2
2
1
-1
-6
-2
2
0
-4
-4
-4
-3
0
7
6
2
-3
1
4
-2
-5
-2
0
0
-2
-7
-5
0
0
0
0
0
0
0
0
-2
-1
3
3
2
1
9
8
7
5
0
-4
-8
-4
0
-5
-3
-8
-8
-7
-5
-2
0
3
1
-1
0
2
2
1
0
0
4
4
3
1
-1
8
8
9
8
6
-1
-1
-1
0
0
1
4
7
11
8
13
18
17
16
18
15
9
9
-2
0
-3
-4
-6
-7
-15
-17
-19
-20
-19
-15
-9
-5
-9
-5
-1
-1
4
5
6
4
-1
-5
-1
-3
-6
-8
-5
0
0
0
0
-1
-3
2
2
2
3
5
4
7
5
8
7
5
3
2
0
-3
-4
-4
-4
-4
-3
-2
0
4
2
0
2
0
-1
0
3
4
4
4
4
4
2
0
1
1
2
-3
-4
-4
-5
-6
-7
-7
-7
-7
-6
-3
0
-2
1
1
-1
-7
-7
-5
-3
0
-5
-2
-4
-1
1
5
3
0
-5
-4
-2
0
3
9
6
2
5
8
6
7
7
4
4
6
9
6
5
-2
-2
0
-4
-2
-8
-7
-4
0
5
5
5
4
8
8
11
6
0
-2
-8
-12
-10
-6
1
0
5
5
5
5
5
5
4
2
0
-3
-3
-3
-3
-5
-5
-5
-4
-1
1
1
-1
1
-3
-1
0
-5
-6
-6
-7
-8
-9
-9
-9
-7
-4
0
-1
5
1
1
0
0
-3
-5
2
6
5
3
3
4
5
6
7
8
8
8
6
3
3
6
3
6
3
0
2
7
2
0
-3
0
1
4
3
0
0
0
-1
-1
-1
-1
-2
-1
0
1
1
0
0
-1
0
0
-1
0
0
-2
-6
-4
-2
1
1
0
0
-1
-1
-2
-4
-5
-5
-4
-4
-3
-2
-4
-5
-6
-8
-6
-9
-5
-5
-3
-3
0
0
1
1
1
1
1
0
0
-3
-1
0
-2
1
0
-1
-3
-1
2
3
3
0
-3
0
-5
-3
0
6
2
-5
-3
-1
1
0
0
0
0
1
4
3
7
7
-1
-10
-7
-2
-5
-3
-2
0
1
5
6
6
6
4
6
8
12
21
30
28
17
12
0
1
3
-4
-14
-10
-10
-14
-13
-16
-15
-11
-8
-9
-9
-10
-4
-4
-3
-2
-2
-2
-2
-5
-5
-5
-5
0
1
1
3
4
5
5
6
6
5
2
-2
0
3
9
13
10
4
5
5
5
4
3
0
1
2
0
3
8
5
4
1
-2
0
1
3
1
3
0
-4
-10
-19
-18
-16
-13
-3
2
3
4
-1
-3
2
0
6
6
6
8
9
12
14
18
20
20
18
21
22
17
12
19
21
20
23
26
28
26
21
22
21
22
23
25
27
29
23
13
11
11
11
14
19
12
14
14
7
13
13
14
8
1
-12
-17
-22
-26
-37
-48
-60
-76
-81
-98
-116
-115
-107
-90
-51
-53
-56
-53
-46
-44
-45
-46
-31
5
27
32
35
51
64
96
80
41
25
26
24
16
17
17
20
28
27
23
15
10
8
3
1
-7
-8
-6
-5
-8
-8
-14
-15
-12
-18
-18
-18
-17
-19
-20
-15
-19
-18
-22
-25
-23
-23
-22
-14
-10
-6
0
8
10
11
13
19
25
31
33
33
33
29
27
32
36
42
40
34
28
23
17
16
6
0
0
0
5
9
6
2
-2
-10
-20
-24
-32
-46
-49
-50
-46
-56
-68
-73
-63
-59
-55
-41
-22
-15
-11
-9
-8
-6
-4
-2
-1
-1
-3
-7
-2
0
6
13
27
40
57
61
47
31
41
36
22
16
0
0
1
2
3
4
5
7
7
8
7
5
6
6
5
4
2
-1
0
2
1
3
6
0
-3
-5
-5
-6
-6
