22
37
53
68
75
68
62
62
78
88
95
89
83
69
54
44
41
45
51
58
66
73
79
87
88
84
75
61
44
32
24
26
37
54
69
84
90
86
83
78
78
74
78
75
79
68
62
51
42
35
29
27
26
21
20
23
40
53
57
54
50
49
40
31
21
17
17
18
17
16
18
21
20
14
10
11
15
20
20
21
14
8
5
13
24
34
40
44
49
57
64
75
86
94
98
100
100
100
98
96
94
84
71
61
66
70
67
48
36
33
36
34
34
37
40
48
55
58
63
70
82
83
67
44
28
20
24
34
50
59
57
47
41
39
30
16
13
19
33
39
37
33
29
23
14
7
5
17
37
60
67
62
55
49
42
37
30
26
19
11
11
20
35
44
54
64
79
89
94
93
91
90
87
74
52
25
10
4
5
7
16
31
49
59
67
72
83
89
96
98
100
99
98
96
94
94
93
88
81
70
72
75
70
55
45
41
39
27
14
5
3
4
5
3
1
1
3
5
4
9
18
37
46
51
48
48
49
55
60
66
65
55
45
34
27
21
22
35
61
82
91
90
82
62
44
28
19
22
31
34
30
23
18
18
27
36
47
60
76
90
97
100
98
93
89
85
85
86
89
83
69
46
31
25
22
19
22
29
38
38
30
17
13
26
50
71
79
72
70
62
53
32
18
6
4
3
11
21
25
30
45
67
80
74
50
31
19
19
21
27
29
27
37
47
54
42
31
24
26
26
25
25
25
21
16
10
10
14
27
42
59
73
86
91
89
82
82
89
95
97
95
89
82
72
63
58
51
52
45
39
27
30
47
73
88
92
85
85
87
93
97
100
96
90
73
52
29
20
20
26
31
38
43
50
61
77
83
80
79
76
64
55
45
49
54
55
60
44
38
39
55
69
78
84
83
84
82
88
91
91
83
80
77
72
64
63
68
75
80
81
80
76
67
58
53
46
33
28
38
60
81
84
68
42
24
15
14
15
13
14
14
14
10
7
2
12
29
51
57
53
45
36
27
17
13
12
12
13
14
18
22
27
30
25
23
29
49
67
80
85
82
68
45
26
23
31
47
60
75
82
83
75
67
64
71
69
67
66
78
89
97
99
100
100
100
98
93
81
69
51
39
21
12
3
1
0
0
4
13
27
45
64
82
94
99
98
93
87
82
87
90
94
86
81
73
71
69
65
71
66
61
46
35
28
29
41
61
81
91
89
85
85
90
84
65
37
26
32
40
37
22
12
6
11
15
22
28
39
50
60
66
75
77
79
82
84
80
70
61
48
44
35
36
37
51
58
64
55
46
43
57
74
86
82
76
72
78
81
82
83
87
90
86
79
66
60
55
56
54
51
40
29
18
18
19
19
13
13
24
49
73
83
84
76
73
65
65
52
37
19
7
7
16
28
34
33
25
17
10
11
20
42
61
76
79
84
89
90
86
78
79
84
84
74
56
53
61
80
90
97
98
99
99
99
99
98
96
93
92
90
92
86
72
45
20
4
0
5
10
19
25
33
35
30
23
17
19
25
34
38
43
46
65
74
85
83
81
72
64
58
57
66
73
84
81
67
36
17
10
13
14
17
22
28
46
46
47
54
65
78
79
65
39
24
24
20
28
31
29
28
23
23
17
12
9
12
27
45
65
75
83
89
94
97
98
99
98
97
91
81
66
56
52
50
43
31
16
5
0
0
0
0
0
1
9
20
30
28
19
14
19
34
45
45
40
39
46
47
50
56
72
83
81
66
58
58
68
83
93
94
85
72
57
46
34
27
20
24
32
49
66
78
82
71
52
34
28
33
44
53
66
71
73
72
65
56
44
36
26
20
22
29
41
41
41
38
42
39
40
37
36
30
23
20
24
41
60
78
78
70
58
59
60
61
60
63
74
83
88
86
83
78
78
66
49
27
15
10
7
9
22
47
63
63
47
36
32
40
56
59
52
48
47
59
67
72
64
55
49
46
54
62
65
68
76
82
87
77
57
34
24
22
28
29
26
16
9
10
18
32
43
51
50
43
27
15
9
9
9
14
17
20
11
5
0
6
18
32
41
45
52
59
62
62
65
73
86
93
96
95
93
80
58
28
15
16
35
50
63
71
83
91
88
70
42
16
8
17
33
50
60
63
61
61
67
77
90
95
90
81
72
69
67
55
47
33
27
21
22
24
26
26
26
24
22
18
20
26
38
48
59
65
69
69
66
61
58
54
54
52
57
68
84
95
99
96
92
85
83
71
66
60
74
85
92
87
86
87
92
95
96
86
76
59
46
30
30
26
36
35
46
47
51
36
27
28
41
47
50
50
57
62
62
56
48
42
43
50
62
74
85
78
57
26
7
4
15
34
53
66
71
73
74
78
82
87
93
98
99
93
87
71
56
36
25
20
25
26
19
18
17
26
32
36
36
30
20
9
4
5
8
12
13
11
10
8
7
13
29
47
52
56
52
56
61
73
85
94
98
95
85
67
49
36
28
26
21
27
32
52
63
72
63
56
57
68
78
82
84
88
92
94
93
92
93
96
97
90
79
70
76
82
89
84
82
74
70
61
55
37
23
10
8
5
4
2
2
1
4
11
30
49
70
75
78
77
84
84
81
77
77
80
83
88
93
98
97
88
76
63
56
40
24
16
24
39
48
46
44
46
44
30
18
8
13
21
33
34
34
29
22
16
8
7
8
15
24
43
55
69
74
83
89
86
68
51
41
42
43
53
65
69
59
42
34
33
33
31
28
27
36
32
18
9
4
14
32
56
68
71
66
53
48
42
44
51
63
76
89
97
95
89
84
85
89
90
86
81
80
81
81
79
79
84
88
89
87
89
92
91
75
50
22
6
0
5
17
33
39
30
14
3
4
19
36
36
28
18
12
12
11
11
12
13
13
10
9
4
10
28
58
83
96
96
92
90
90
93
93
88
83
75
69
60
53
48
42
35
28
33
46
60
69
72
71
70
75
86
95
94
86
67
48
27
19
17
17
13
12
15
18
16
11
13
17
23
26
28
26
25
24
27
30
28
31
32
41
40
38
36
38
36
26
15
14
22
33
42
51
61
72
86
95
100
99
96
92
89
86
79
69
65
73
87
95
90
73
46
23
11
11
19
21
28
32
46
58
72
73
71
67
67
72
80
86
91
82
73
55
45
39
46
45
35
25
27
39
41
39
35
40
48
50
51
50
54
57
52
38
18
5
5
10
20
19
20
14
15
14
12
9
8
13
14
14
14
21
37
54
72
71
64
49
36
30
27
31
38
46
53
62
73
72
64
72
82
94
97
99
99
100
99
87
75
61
47
37
35
33
34
32
29
26
22
23
26
30
42
57
79
90
91
81
72
78
84
93
96
96
93
92
88
78
59
42
30
25
22
22
20
17
12
14
25
41
53
55
65
82
92
94
88
84
85
87
85
82
82
86
89
88
81
76
63
49
36
35
44
55
65
72
76
78
78
79
81
78
69
53
38
28
25
22
24
29
42
56
66
76
82
85
79
67
54
44
34
22
11
9
11
11
7
3
6
11
20
19
18
9
6
6
11
15
13
16
24
30
25
16
12
17
22
20
12
5
4
7
13
26
46
71
84
86
79
79
80
80
81
78
79
76
81
78
76
61
58
54
59
54
48
41
40
38
30
15
15
30
52
58
53
46
51
63
79
88
89
86
83
85
84
89
90
95
93
86
69
53
38
42
37
31
35
41
54
49
43
28
22
14
14
16
23
28
30
33
40
50
62
66
60
46
36
38
38
48
59
74
78
76
78
83
91
93
94
92
86
77
66
59
55
53
44
31
16
11
9
20
26
37
32
28
16
13
10
9
7
7
7
6
7
17
35
50
56
49
44
46
56
69
81
83
80
72
66
53
37
17
17
33
62
75
75
64
65
68
65
63
58
62
60
62
59
67
68
66
62
57
36
27
16
11
13
20
27
30
33
41
57
76
91
94
85
72
62
59
59
59
59
59
58
55
52
50
46
40
31
20
10
5
4
4
2
1
0
2
5
18
38
66
79
74
55
36
23
14
13
18
28
31
32
30
30
22
23
32
52
63
64
53
51
59
78
92
100
100
96
92
78
69
59
64
72
82
88
89
91
94
97
98
97
91
83
70
63
57
46
37
30
26
33
45
61
80
89
87
75
64
48
30
15
11
18
31
40
45
45
44
30
24
27
41
56
58
44
31
24
24
19
18
20
28
31
29
25
30
43
67
86
97
100
100
96
88
76
71
71
76
75
73
67
57
44
34
26
22
22
30
47
67
83
92
89
81
73
69
74
79
79
66
41
19
5
5
6
13
21
28
30
30
27
24
17
9
2
0
1
13
35
62
69
55
32
15
10
8
9
12
22
34
44
54
58
60
62
68
79
91
98
97
88
75
61
53
43
34
23
19
17
18
24
28
31
25
25
27
40
48
64
71
82
92
98
98
96
93
91
94
97
91
78
61
47
34
22
15
25
38
57
64
78
87
95
96
94
92
92
94
94
92
89
89
90
93
89
83
72
67
65
64
57
43
32
23
17
8
4
10
26
43
53
48
34
21
27
45
64
71
72
78
84
91
83
64
37
27
33
45
51
56
63
69
71
68
65
64
60
57
55
50
36
19
9
12
28
37
32
22
26
35
50
49
44
40
44
48
60
66
66
51
34
15
5
6
16
30
35
36
19
29
38
35
37
44
49
42
29
19
9
5
0
0
2
12
26
37
43
46
57
61
62
54
53
45
41
35
38
41
45
37
34
32
43
51
59
62
68
74
80
84
89
93
96
98
98
97
95
94
92
82
62
35
21
9
11
13
14
16
16
16
14
10
6
4
3
8
22
48
67
72
57
43
33
31
29
38
37
45
48
48
36
35
42
58
62
57
19
11
8
8
13
20
31
42
54
63
67
73
78
78
82
82
87
86
80
75
71
70
65
49
36
26
25
21
18
16
16
15
10
6
2
0
2
7
19
36
61
82
95
100
100
100
100
99
90
80
70
75
77
84
77
78
72
72
76
80
83
84
79
69
51
33
17
8
3
4
14
29
46
62
74
78
81
81
84
84
86
90
91
92
89
89
87
90
93
96
98
90
70
39
16
5
6
10
12
16
15
13
8
5
2
4
14
34
54
66
54
53
48
44
43
50
59
62
66
58
58
49
58
64
74
69
63
52
61
69
86
87
79
62
56
60
67
69
58
47
34
25
17
11
13
17
28
40
52
64
74
86
91
86
72
52
35
22
15
10
6
3
1
5
11
17
19
22
30
44
61
75
76
62
41
20
9
2
7
18
32
34
33
34
51
67
78
73
70
67
70
77
87
94
98
99
98
96
94
95
89
83
78
86
92
95
92
85
78
72
62
56
56
73
77
68
40
29
28
38
40
45
44
47
43
43
43
50
63
80
90
96
85
73
54
55
54
59
47
34
32
43
52
64
65
62
56
56
53
48
39
33
32
29
27
25
27
30
30
26
19
9
8
21
50
76
90
94
96
89
72
45
26
17
16
16
16
16
16
13
12
11
23
41
71
85
85
73
67
69
72
76
77
81
80
78
76
78
79
85
90
95
98
99
89
71
41
22
8
7
6
4
5
11
23
34
39
42
43
42
51
55
49
33
20
12
17
29
41
45
60
52
46
43
42
39
32
18
10
9
17
19
18
9
8
13
24
27
23
25
39
60
68
60
48
45
56
68
82
88
95
97
99
100
100
99
99
98
99
99
98
93
83
71
76
64
56
47
52
55
60
61
65
70
76
80
85
84
80
75
67
51
45
49
67
78
82
83
83
86
85
83
76
77
78
82
81
84
87
90
91
88
82
71
62
48
35
19
12
9
9
7
8
13
19
21
19
12
9
9
9
9
9
12
16
22
30
35
35
33
37
50
60
69
77
87
94
93
88
80
75
69
58
44
34
32
34
32
35
30
32
30
34
46
53
52
45
51
52
52
35
26
22
26
30
32
34
31
26
17
10
13
30
58
78
80
69
53
39
23
21
27
44
51
52
47
39
28
17
10
7
7
11
16
20
26
41
63
79
86
77
60
45
47
66
85
96
93
88
83
79
74
74
75
78
78
75
74
71
63
43
33
32
47
61
71
77
81
85
77
67
47
36
24
17
10
10
15
19
17
15
9
6
7
10
21
36
56
70
81
83
81
52
43
37
32
38
47
60
58
52
43
41
37
31
29
30
31
30
36
44
53
57
52
45
41
38
35
30
24
20
14
7
2
0
0
5
9
13
17
31
53
77
80
67
39
22
14
11
8
12
26
45
62
75
75
78
81
88
95
99
100
100
99
98
97
97
93
87
72
54
39
40
58
80
94
98
95
92
91
92
85
71
55
51
46
37
22
13
9
10
11
12
8
8
20
43
65
73
76
76
81
83
81
73
66
62
61
55
43
31
33
45
57
67
75
85
87
87
87
91
94
92
89
81
74
67
69
73
78
74
69
74
63
51
39
32
28
23
20
11
12
15
23
32
45
49
50
53
68
76
76
67
66
72
78
82
86
87
89
92
96
98
99
97
64
56
51
44
36
28
21
15
7
2
0
6
19
39
56
59
53
43
52
52
56
50
65
75
85
84
84
84
88
90
89
84
88
83
71
49
32
27
37
54
73
87
94
95
96
98
98
97
94
91
91
82
63
33
13
12
22
35
40
45
47
47
47
42
31
20
10
5
2
4
6
9
13
19
24
22
25
35
60
80
91
92
91
81
59
31
19
24
49
62
68
56
43
25
22
23
30
34
40
40
35
28
23
22
24
29
35
33
24
13
13
24
48
72
89
93
88
79
72
75
80
89
90
87
82
85
89
91
86
81
72
63
56
55
56
58
56
58
61
66
71
79
86
94
94
85
73
64
64
63
62
60
64
66
66
61
54
46
34
22
18
29
44
61
68
77
81
85
81
64
39
18
8
3
4
6
13
16
17
14
10
16
34
65
80
84
76
77
80
87
83
79
61
44
28
27
35
43
48
39
34
34
40
40
32
22
17
16
24
42
58
70
82
88
90
86
82
69
51
26
8
0
1
5
14
25
31
33
30
31
30
34
39
55
72
89
96
95
88
80
78
76
76
78
84
93
87
68
39
19
9
5
2
0
3
11
20
22
14
12
22
45
62
74
76
81
80
80
83
88
89
84
76
64
50
51
45
41
29
20
13
18
24
34
32
26
12
4
0
0
0
0
2
4
8
8
13
14
18
19
29
39
46
48
49
54
59
68
81
90
90
85
78
75
67
59
42
27
26
27
46
50
49
43
45
51
60
70
74
77
83
90
94
92
81
71
60
61
63
79
80
77
62
61
62
69
70
67
61
55
47
39
29
24
20
14
10
16
36
64
84
91
88
80
76
75
82
85
87
84
78
64
47
42
52
60
59
47
33
19
12
7
9
22
43
55
56
48
42
37
29
14
6
6
11
17
23
39
60
83
93
95
89
85
81
83
87
93
95
96
93
83
63
38
24
25
34
40
40
37
27
17
8
9
23
44
68
76
71
54
37
30
31
31
25
18
13
12
16
26
41
45
41
33
23
19
18
24
32
40
44
45
41
46
47
42
30
33
39
54
60
67
71
74
69
63
58
52
39
20
15
28
55
76
82
72
55
40
32
26
19
11
4
1
0
11
22
33
22
15
13
26
31
32
31
38
43
42
34
36
49
72
81
80
71
73
71
71
63
60
55
52
51
55
56
52
46
40
37
40
59
80
95
98
94
85
70
49
28
12
5
5
8
9
8
6
8
14
24
50
64
80
92
98
99
97
92
86
83
79
70
69
73
82
83
85
83
87
89
92
88
81
67
53
39
28
25
38
56
72
76
77
73
63
50
39
32
27
22
16
10
4
1
0
0
1
11
22
39
41
41
31
28
22
28
29
41
47
49
36
20
8
11
27
49
60
67
71
79
87
93
91
83
72
61
53
41
24
18
28
38
47
53
67
77
90
93
95
92
92
87
83
81
84
83
74
64
60
58
46
24
13
9
19
29
48
65
75
73
58
44
35
37
50
71
82
74
48
21
5
0
0
0
1
8
19
31
42
53
62
66
66
69
76
78
70
53
40
33
35
36
33
28
25
22
18
20
34
56
71
76
75
64
47
25
9
4
5
8
7
5
3
7
19
35
62
81
88
82
74
59
55
59
76
87
90
79
58
33
23
28
43
46
39
27
24
30
46
51
54
43
35
27
25
28
31
32
29
25
19
14
9
14
27
42
47
46
44
44
33
20
13
23
37
50
43
34
29
36
43
56
73
79
77
63
56
53
56
48
39
39
41
44
49
53
57
59
63
67
72
78
87
95
100
100
99
91
79
66
64
62
56
44
40
33
23
19
27
44
63
79
86
88
84
77
67
61
52
45
34
28
21
17
13
8
4
1
0
2
11
24
35
37
32
26
23
17
9
4
2
4
8
11
19
28
44
53
61
67
77
87
95
98
99
99
99
99
91
78
56
46
46
60
75
84
90
93
96
97
98
98
93
82
65
51
41
29
19
15
22
30
31
23
11
13
20
35
38
46
51
46
52
64
72
79
73
68
57
51
39
32
28
32
34
32
22
12
7
6
7
10
17
31
36
42
50
73
81
80
62
52
43
37
29
22
15
9
5
9
20
42
62
80
89
95
98
97
93
85
82
84
91
95
95
91
89
92
91
88
84
89
92
90
82
69
59
51
53
63
74
69
53
31
19
12
12
6
6
13
24
30
32
34
40
37
34
23
23
24
33
42
48
48
36
32
40
68
82
82
70
67
65
65
60
59
61
58
58
47
43
19
20
27
48
58
60
59
63
74
80
84
84
88
90
93
94
91
85
75
63
49
25
11
7
18
26
32
26
24
19
22
22
21
15
12
12
9
14
17
27
38
52
67
73
77
80
85
90
90
90
90
88
82
75
70
70
68
59
39
20
6
3
4
7
7
6
5
6
6
8
14
22
34
44
58
69
82
84
86
91
91
85
72
65
62
57
55
60
74
72
62
51
42
33
22
20
25
35
46
43
41
30
18
16
15
17
12
9
9
16
25
34
40
46
53
61
66
71
72
78
80
77
65
52
42
35
27
26
29
41
47
51
48
47
44
36
23
11
5
7
10
16
23
31
35
27
28
31
53
63
66
58
60
63
66
70
73
65
43
21
15
19
30
34
44
54
63
70
76
80
79
78
77
80
84
85
78
64
57
61
79
92
99
99
97
95
84
73
57
48
50
51
61
63
76
74
65
46
37
36
36
41
46
55
56
52
45
41
43
49
52
46
35
20
8
7
13
34
56
78
88
91
88
88
86
89
94
96
84
59
33
24
30
37
40
42
49
54
55
57
64
78
83
77
56
33
17
13
18
24
25
22
16
14
11
19
37
58
61
48
29
17
9
8
8
12
23
34
49
50
52
43
40
27
23
18
17
14
11
6
10
18
30
29
30
34
45
46
49
55
69
79
88
89
86
81
75
64
60
59
65
57
46
27
24
24
35
34
44
32
35
49
72
85
89
88
88
82
73
64
69
78
74
52
30
22
30
37
47
52
59
58
60
61
65
67
70
69
65
57
49
39
29
20
17
14
13
10
6
3
7
17
27
32
35
44
64
84
96
92
81
64
55
52
52
52
55
56
55
57
65
74
73
64
54
48
42
34
21
19
22
29
29
30
38
38
33
16
10
11
21
27
28
24
21
16
13
24
49
70
85
90
90
80
70
61
60
63
54
49
56
63
70
70
66
62
61
68
63
62
52
41
29
26
29
32
29
24
18
12
5
6
17
34
49
53
49
37
30
28
47
59
73
79
78
71
61
48
33
23
17
13
6
2
1
5
11
15
16
13
9
10
16
22
31
44
69
85
93
88
82
77
73
65
61
62
70
85
94
88
66
44
44
61
82
83
71
55
45
46
57
66
72
67
56
30
14
8
12
14
9
4
0
4
10
19
22
22
24
35
48
58
69
81
88
92
90
91
91
93
89
83
72
62
45
27
14
10
14
13
15
17
25
36
53
70
73
58
30
10
0
3
11
21
23
22
15
17
21
35
48
65
74
76
75
77
81
84
82
82
81
87
89
91
93
85
78
62
60
55
62
65
64
68
74
84
91
92
88
83
85
86
81
57
45
48
65
71
60
32
13
10
24
33
44
35
29
26
28
28
28
27
24
18
12
7
5
5
3
2
1
1
2
4
6
5
3
3
6
12
13
12
18
38
65
76
71
62
70
83
88
73
48
31
30
43
51
58
63
67
69
65
59
56
60
68
71
74
77
82
77
60
37
18
9
4
3
6
13
26
52
65
70
69
66
64
66
70
78
88
89
78
53
38
37
57
78
91
92
89
87
90
94
98
98
92
81
73
69
71
66
67
71
83
94
100
100
95
83
66
52
45
38
30
27
25
27
26
20
10
5
4
7
8
10
13
20
24
23
15
8
5
6
7
9
8
13
23
41
55
66
73
84
93
99
100
100
100
100
97
90
74
53
34
27
29
31
28
21
19
19
20
29
45
56
55
49
54
68
82
78
59
29
13
7
10
7
7
7
13
25
33
44
56
70
72
66
55
55
55
50
44
35
31
28
30
35
41
51
61
69
62
43
34
36
41
35
24
