2251143
2485356
2671879
2778846
2770021
2830166
2810997
2784599
2766923
2753640
2852527
2842317
2843145
2512434
2375055
2318604
2314203
2089037
2122442
2153401
2197933
1875114
1552916
1320720
1433890
1195754
1193011
1207612
1203741
1276977
1457923
1616377
1763593
1799681
1804559
2915785
3332590
3679814
3732379
3890063
3990176
4028236
4006333
4039497
3878239
3936803
3931467
3947275
4249348
4505461
4802751
4812740
4932983
4616635
4969336
6079759
6219749
6187173
5888725
5664047
5320739
4935865
4516321
4190513
3961052
3736617
3444177
3358403
3432550
3484117
3528970
3629753
3621042
3771267
3415107
2153347
1809047
1783137
1612859
1534879
1519325
1496510
1578896
1587606
1528296
1551897
1472121
1460056
1569694
1610824
1601564
1599157
1550501
1479198
1464815
1343366
1322234
1160349
1189365
1205667
1273721
1326934
1396294
1425732
1411527
1389307
1392067
1466471
1454258
1358156
1546180
1500551
1514277
1497895
1478235
1457505
1422053
1568001
1559211
2153009
2400771
2608521
3006379
3017202
3118575
3169300
3032220
3060290
3083841
3083841
3119778
3438687
3759679
3752453
3810231
3786177
3778377
4321168
4680474
4500804
4387425
4270122
3974351
3949426
3908261
4074906
4579642
5202830
5653656
5888105
5983057
5884737
5929403
6143221
6204638
6211237
6037293
5171467
4102211
3600498
3004636
2601190
2162604
2238394
2788400
3179746
3593154
3823432
3856782
3982897
4118929
4276929
4312227
4355417
4282050
4179488
4393081
4401153
4060972
4134019
4098074
3535313
3028156
2734395
2719423
2892266
3106794
3257388
3133846
2944148
2708438
2445670
2265968
2160282
2209906
2196604
2230462
2457351
2423396
2669154
2672227
2482493
2546270
2231634
2048304
2066732
2076729
2095369
2136255
2050644
2067456
1960963
1753441
1396453
1385801
1267192
1161160
1170714
1234422
1242396
1286310
1413092
1379024
1177790
1364357
1414783
1518866
1531367
1577335
1551997
1559625
1555522
1647053
1676134
1967277
2066643
2813417
3208942
3160957
3273707
3192721
3218817
3140379
3210979
3259357
3252269
3263911
3252651
3099968
3051746
2972204
2896540
2987219
2793425
2866620
2949537
2661470
2282032
2225911
1953295
1748941
1659351
1803993
1734893
1745137
1913951
1916011
1923080
1911979
1944217
2123330
2264578
2346182
2367554
2363895
2309766
2280018
2340341
2335799
2344433
2443814
2558217
2670850
2775421
3024970
2916276
2920335
2974084
2972935
2980952
2926802
2764140
2960503
2898736
2880088
2896989
2638315
2160715
2468434
2705058
2733014
2718488
2830274
2841394
2843446
2698592
2443506
2514369
2308630
2113040
2013496
1644777
1752467
1917746
3144653
3837197
4324744
4457662
4372298
4227491
4205523
4167071
4005583
3869147
3849387
3898413
4023523
3772521
3616489
3235796
3053199
2720129
2537011
2480307
2287798
2137464
2043853
2179035
2186148
2213813
2453605
2919841
3062923
3100869
3339419
3552131
3752159
3931891
3931891
4092270
4241340
4050133
3954707
3792275
3715121
3642767
3414651
2877771
3541975
6872015
8651976
10124273
11437466
12221391
12621831
12880093
12877838
12782248
12501657
12186549
11977921
11810865
11584005
11295377
11014591
11292082
11394773
11711580
11308488
11670278
12019272
12034936
11867916
11498706
11047953
10441320
9990305
9309002
9034059
8320965
7866288
7528920
6739714
4519179
2358698
2225219
2748265
2779152
3134747
3052975
3271167
3170200
3213716
3121486
2974240
2926798
2944447
2798481
2726732
2486827
2330803
2235239
2108987
2104985
2105083
2114082
2033543
2187104
2098922
2133796
2002870
2364048
2571522
2717314
3469894
3813769
3877655
3905855
3861959
3821263
3740575
3712061
3634646
3555011
3534665
3534183
3513177
3508424
3526081
3411039
3371673
3075553
2887883
3034855
3474591
3709473
4039877
4423077
4463853
4581843
4649835
4689047
4553828
4523197
4295023
4141207
3914495
3502226
3056387
2592298
2416725
2528103
3221137
3555605
3501903
3688133
3607257
3470131
3443139
3401387
3843583
3539445
3520323
3388823
3307437
3355089
3244179
3224697
2653353
2458309
2504423
2544385
3627525
4672695
5568517
6312453
6813043
7502398
7762007
8066455
7543366
7554069
7409858
7397221
7432187
7559743
7300285
6673677
5990581
4873523
3913088
2536961
2339597
2271932
2305767
2337845
2266273
3206051
3851617
4558341
5365724
5582518
5384298
5436604
5717020
5778405
5835436
5709872
5788944
5788944
5647522
5503264
5251722
4980958
4464963
3993707
3310295
1823754
1777887
1753157
1930757
1968674
2967235
3654245
4847570
5324459
5893828
5957034
6326166
6563583
6617136
6472320
6307641
5994427
5666293
5328531
4820523
4382201
3958225
3428459
3317191
3721679
3770857
3944499
4093296
4349652
4214830
4272590
4192526
4081806
4089511
4211884
4510060
4522794
4635968
4660286
4773562
4890612
5617318
6082340
6358512
6071034
6106826
5986932
5327944
4826334
4972498
5443059
5563758
5936658
6253864
6683498
6853458
6938134
6822564
6454356
6213242
5689088
5557716
5510055
5347761
5110175
4672531
4270280
3208745
2923872
2902534
2732732
2740227
2670794
2591947
2577742
2323532
2362184
2220085
2039751
2205424
2334590
2816826
3283342
3522041
3640474
3846606
3968293
3818598
3771185
3749399
3678265
3680177
3675424
3308825
3308825
3101665
3070953
2352571
2381552
2266510
2260335
2616015
2882438
3097236
3261418
3468735
3886315
4173801
4232004
4054789
4278838
4061500
3584500
3366672
3259798
3349764
4712052
4799734
4597876
4320615
4345453
5024085
5868633
6310319
6513713
6982068
7362145
7815739
8457807
9092739
9271555
9469527
9847345
10162129
10107003
9768871
7965339
6877974
5910251
4829615
3711535
3414385
3319641
2975321
2543772
2912626
2903265
2835918
2835918
2858190
2892463
2816440
2724798
2714864
2788050
2788050
2878836
3096209
3197544
3265111
3353328
3426664
3937912
4152842
3999362
3647214
3396512
3115282
2886867
2690485
2603833
2312902
1966111
1966705
1961525
3100945
3617446
4616530
5434714
5675802
5786908
6035428
6193844
6207410
6189658
6146482
5987300
5802730
5517416
5381688
5304786
4674770
4110144
3511126
2658597
2757870
2834784
2789638
2572273
2553916
2535850
2349811
2281689
2396313
2400579
2422803
2707341
3414561
3946543
4038539
4140410
4448741
4415547
4356738
4444384
4281047
4130583
4141991
3788857
4615210
5508854
6291050
6649990
7013548
7728245
8162050
8615928
8960774
9223705
9233272
9368521
9679043
9752446
9735566
9503975
8367888
7464855
6197004
4608776
3952708
3597774
3390011
3007539
2344445
2346817
2382667
2337757
2407219
2407219
2313654
2701550
2706663
2683507
3236674
3355548
4459358
4476703
4472897
4523113
5056501
5042665
5370674
5289234
5231378
5207104
5341108
5781484
6089324
6346130
6391813
6527500
7360098
7119565
7184958
6409707
6480482
6682409
7320101
6797519
7045723
7276821
7413659
7528435
7329829
7244741
7277857
7447629
7473611
7401113
7397229
7398498
7542664
7481603
6511820
5152749
3083018
3711556
5283809
6052594
6904956
7788777
8167477
8118995
8441968
8705948
8632313
8484446
10128870
10399928
10834059
10945450
10472814
10173042
8937513
8628900
8736912
9207677
9872129
10212508
10720929
11020450
10969475
10609583
10338616
9931958
8468359
7246597
7575679
7220843
6788263
6122663
5112723
3665211
2563685
1875305
1826703
1858896
2384112
2511402
2639961
2604122
2547692
2743660
2951036
3203838
3282408
3258695
4045819
4905743
5823339
6075169
6596291
6695009
6433821
6199981
6346465
6346465
6847194
6841316
7245970
7870992
8373534
8435469
10475072
10503686
10528736
10541886
10650010
10684901
10633201
10563163
10674229
10603496
10663479
10602763
10567989
10608637
10121701
10116059
9906565
9987771
9509859
9324705
5190229
4485709
4553324
4842476
5210313
5232410
5462167
7016790
8823226
9688037
9987897
10074949
10865893
11369301
11540496
11599267
12500327
16665703
19788392
21809532
24421483
26047201
27842915
29104907
29907820
30241482
30646648
31023140
31346082
31435224
30217253
29215773
26772062
23621899
20627254
17002760
4655807
5365603
5517095
5804360
5807670
5942071
6192097
6579577
6997891
7128466
7081648
6890536
6041604
4964533
4437601
4026214
2643456
2444861
2408388
2344651
2437935
2503184
2503292
2373840
2300528
2535548
2647527
2642184
2729514
2990490
3124676
3080622
3155320
4098487
4344275
6935107
8168815
9520232
10369249
12409647
13731738
15186818
15792022
16407588
16878796
16773036
16377286
15969699
15488462
15259801
14585287
13315454
11580313
10362146
7918146
7499676
6584927
5822228
4026393
3818240
3370047
3310263
2857921
2645476
2850572
2868670
3577376
3809858
4410014
5068064
5673244
6177228
6316757
6473083
6647059
6871573
6939297
6993947
6569881
6209764
5761392
5325349
4873765
4048836
3644988
2556464
2285148
1698584
1504202
1387408
1313140
1401367
1473024
1680195
2212368
2380256
2632400
2627521
2625429
2705052
2745404
2741719
2741719
2857683
2860825
2950927
2951875
2940536
2940536
2944804
2940422
2928927
2989541
3330578
3492300
3500750
3603720
3941016
4357131
5564411
5603098
5616514
5428635
5233079
5755659
5757553
5968963
5873011
5864407
5926383
5849092
5872902
6013187
6054059
6114355
5904135
6102689
6376759
6384157
5226425
4930161
4472867
4233501
3506615
3747395
3969365
4135291
4254992
4264217
4242164
4162889
4324399
4627525
4884461
5125411
5034797
5089757
5094149
5050167
5030441
4995963
5117079
5102347
4734559
4174907
3480073
2196885
2172049
2043887
1964927
1972051
1956447
1914643
1900885
1674490
1789395
1746743
1773558
1797461
1798340
1680809
1667628
1684096
2528411
3280084
3343087
3297279
3321268
3529011
3822511
4130527
4830605
5044513
5194717
5389659
5740619
6371295
6356793
6482025
6482394
7348629
7479258
10135196
9651832
9093586
8946794
8864858
9137302
9555293
10075198
10433528
13525494
14609595
18122000
19141309
19180445
18535433
18267246
18372041
18345795
18754339
18959610
16479799
16264647
16747736
17305153
17344902
18716908
20510541
22161100
22746334
22802056
23209398
20795044
19959328
19568058
19350719
19488566
20286620
20962054
21753996
22503800
21901403
20854249
20340386
19406941
17104885
16197883
15569929
14899877
12295685
11287207
9915059
8895449
8376875
7909843
6188515
4222069
3578213
3282143
2877085
2808555
2937903
3068815
3191711
3207163
3186881
3072805
2955776
2958692
2978729
2889427
2685194
2546364
2408251
2411552
2297331
2211008
2096454
2025558
1820335
1753662
1731123
1751922
1889272
1791150
1752427
1325715
1148317
1111483
1614780
1603232
1911954
2471685
2646690
2726169
2858176
2964331
3066753
3101777
3193365
3101137
3027756
2969594
3214004
3442340
3426357
3470126
3557141
3562839
3769398
3516833
3568689
3671937
3668283
3553563
3553888
3556679
3571703
3524023
3527305
3121895
2189417
1467335
1224363
1201290
1246969
1230119
1248824
1304223
1314242
1400979
1382189
1365821
1863374
2175799
2527494
2804892
3032770
3169662
3169150
3171152
3153746
3063505
3051784
2833542
2620440
2639309
2695951
2688352
2460996
2547318
2658698
3085041
3375659
3421067
3330975
3217983
3087339
2990074
2996326
3018992
3017558
3010471
2924500
2949082
2919087
2671727
2559155
2600217
2600725
2591707
2487697
2063387
3685519
5091133
6345555
7198687
7870721
8434507
9171675
9538539
9786201
10009509
9958003
9650207
9349721
8936284
8657708
8374546
7497346
6086861
4507749
2011951
1568041
1360804
1324438
1194823
1346569
1906713
2484096
2778430
3005350
3402224
3737924
4291644
4662441
4893759
5271315
5647465
5612851
5581263
5414309
5406902
5076535
4557447
4089063
3377949
2920089
2788903
2694550
2379536
1949500
1707599
1596721
1678608
1696861
1631652
2070283
2070283
2241588
2666749
2902919
2890483
2915857
2819699
2934967
3028139
3000537
2954452
3184609
3276189
3145611
3116023
3602099
4120469
4392833
4647059
4617851
4897647
5347103
5809557
6039480
6142769
6345585
6468126
6335931
6176337
5959907
5553041
4695405
3644877
2372907
1986039
1975081
1990647
1935287
1883327
1096345
1158250
1050523
1073229
1187819
1335643
1329868
1558243
1547193
1508905
1530155
1527413
1735551
1733831
1704235
1680061
1979755
2025662
2027425
2068330
2104627
2043171
2129130
2167711
2086647
2074326
2037163
1707562
1650339
1640123
1729355
1736847
1668155
1647556
1671481
1662803
1707751
1718808
1739393
1739393
1733481
1721006
1659845
1616596
1589763
1575943
1586961
1572733
1544717
1513050
1495847
1567199
1598795
1605011
1680833
1692585
1483147
1477162
1444049
1421994
1409494
1434907
1449731
1475015
1490955
1527523
1539541
1636660
1754116
1980986
1963246
2136974
2094569
2090131
2090131
1950430
1889579
1675866
1905177
2178419
2185981
3915899
5202257
5908561
6709539
7478174
7849307
8901454
9064218
9042874
8889652
8859148
8698775
8545228
8208424
8015321
7750867
7089871
6259926
5880120
5515935
5957190
6184059
6546622
6781022
6798261
6632849
5266609
5266609
4778125
4664253
4521316
4308511
4022961
3883975
3517871
3431183
3137700
2605209
2319779
1841197
1733965
1735987
1597775
1579941
1539931
1521227
1455121
1666897
1613460
1624726
2136260
2025788
1974370
2200123
2193458
2117516
2094894
2071046
2072526
2126405
2143384
2154340
2127810
2075823
2184359
2227441
2321511
2270763
2270487
2266415
1897709
1925511
2004861
1713277
1716187
1510949
1578855
1507597
1796285
3590677
4475905
6114091
7943983
9217136
9863006
10161214
10240488
10141742
9968065
9789419
9599147
9615573
9552017
9340689
9060771
8835901
8432347
8229945
8371661
8458461
8614277
8357085
7483707
6446717
5342033
4270145
2771745
1952273
1805167
1698335
1612461
1633971
1647609
1647609
1701293
1704661
2091773
2264907
2380763
2444349
2720749
2752001
2803211
3073235
3002349
3203774
3077247
2874029
2716493
2177489
1939497
1921635
1807659
1686705
2204209
2837147
2850981
2869911
2996835
3093993
3236716
3348291
3518559
3554673
3908935
4042277
4853991
6164258
7473513
8520455
9321503
9923747
10318798
10511629
10101283
9246825
9053084
8768407
8507107
8507107
8150087
7636485
7058232
6305265
5072671
4153139
2435109
1328914
1155040
1168748
1242886
1242886
1281440
1325996
1359160
1359160
1292174
1291922
1335877
1353738
1306988
1307494
1228084
1372574
1604291
1642842
1708039
1712976
1709069
1678777
1763362
1794094
2262097
2678997
2969444
3027385
3062894
3106063
3403788
3728009
3887391
4135218
4466738
4561602
4600619
4708029
4854149
4942133
4952201
5159195
5353667
5534226
5776935
5852893
5902413
5980119
5956280
5901673
5618385
5240860
4954421
4375836
3412943
3591333
3927260
4025669
4073989
4051307
4732707
5197407
5512087
5794163
5678114
5357507
5479969
5433033
5810477
6031797
6350129
6882841
7148329
7262411
7455787
7944096
8054086
7829737
7503525
6728535
6706309
6597920
6593334
6436945
6200613
5648020
5295841
4787274
4237455
3579481
2946775
2650661
2080605
1862951
1753977
1807095
1665741
1536551
1472901
1445093
1422659
1377893
1535909
1606649
1601857
1178629
1164221
1563324
1550763
1639065
1639071
1681524
1805354
1918498
1977915
2014146
1971184
1982197
2010147
2033445
2038260
2043835
1835729
1726749
1693637
1646787
1566852
1454848
1501365
1490979
1616518
1633671
1587401
1543987
1988996
1881974
2103432
2876597
3841275
4397285
4729805
5064847
5081521
4976819
4868939
4948165
4969781
5001863
4946593
4942921
5034121
5054489
5043971
5209462
5274836
5246808
5526402
5686710
5270211
5017160
5091602
4947342
4831568
4814530
4994526
5177092
5318156
5522950
5730448
6026636
6114564
6280665
6238983
6266832
6279092
5858252
5917211
4410147
3966935
5534929
6324341
7121781
7542057
7656901
7786475
7784077
7676691
7452422
7452422
7212504
7080210
6813451
6675625
6325417
6077697
5704201
5728497
5396914
5379998
5385150
5335609
5457463
5506184
5516961
5409213
5109753
4637448
4159424
3900427
3893785
3898767
3755044
3691013
3717265
3750389
3827301
3513510
3124250
2015456
2127520
2227330
2178390
2080680
2085532
2317014
2466657
2467005
2696786
3025559
3113971
3238220
3167219
3456502
3560120
3629468
3795308
4234906
4660266
5126060
5538499
6231545
6734158
7785410
8630888
9007505
9291035
9708516
10337859
10806717
10816008
11408695
10772372
10293882
9549509
8592161
7718815
6962546
6157088
5359226
4747552
4523876
4116590
4169754
4276288
4271525
4213824
4084888
3879113
3573587
3573587
3424226
1414682
1446129
1488571
1620563
1607749
1715375
1749835
1772300
1819385
1818526
1837048
1924526
2045060
2418893
2311913
2486298
2278298
2278414
2391230
2385944
3135870
3281168
3359184
3420638
3426217
5934904
7674041
8846616
9815671
10573169
11083396
11552845
11941298
12299025
12459551
12640866
12629451
12419748
11846544
11404492
9722662
8111882
6983140
5371904
1770504
1983955
2037877
2155175
2393361
2393722
2294856
2211820
2184270
2148492
2086060
2005192
2229592
2257724
2295498
2371870
2334936
2462431
2400130
2286012
2116634
2086543
1983374
1564699
1439427
1512475
1487251
1773243
1795597
1797964
1813443
1796069
1712078
1673893
1695078
1619379
1621554
1447492
1494694
1607596
1654450
2228137
2854674
2924474
2947074
2943306
2924316
2873606
2861208
2910058
2932758
2937984
3061925
3136601
3163191
3174429
3262765
3440883
3403209
3491701
3529593
3383569
3047185
3024505
3124873
3917155
4240387
4823872
4733727
4634489
4924704
5246980
5209853
5164909
5158542
5152015
5305624
5560459
5652166
6191547
6699237
6924598
6916421
7270449
7241967
6859913
6670129
5395675
6652171
7554235
8587129
8881858
8670037
8278707
7648549
6898100
6650824
6528980
6106366
6185318
6132333
5982587
5520098
5475482
5083909
5155266
5387331
5061394
4688717
4388507
4394742
4616055
5634969
6651289
7211072
8262086
9116350
9816450
10458106
10608414
10637965
10271746
9919555
8845530
8057642
8057642
7553599
7733642
7394336
6217294
5176702
4936974
4331238
4344528
4679006
4631448
4842486
4704286
4479440
4032154
4092364
4389412
4320424
4750982
4992109
5659111
5170885
5141997
5134409
5079827
7270873
7365609
7414245
7720300
8911517
10464083
12310190
12189485
13294742
14536875
16319627
17264785
16921027
17513389
18129377
18570260
19405003
20135035
20748151
21322563
20542601
21042880
21417019
22003602
22377057
22785267
22015902
22169688
21749921
21156197
18747825
15784149
15098970
17334029
18864316
20601559
22410993
23950081
24833964
25656265
25953605
25422160
24138686
22821728
21215391
20042100
17902556
14547213
12334169
10874507
9252572
7043214
5433112
4531984
2935725
3094556
3197374
3131590
3127332
3195300
3191058
3148443
2915083
2584225
2426496
2757983
2738247
2821910
2772838
2821614
2952870
3003304
3005351
3005353
3006523
2631460
2331557
2346003
3672323
3656425
3682324
3646507
3627177
3627177
3628957
3805251
3754075
3757681
3734847
3868387
3945921
3990463
3893821
4870479
5599783
7363669
7890072
7931932
7729567
7759631
7982701
7975495
8107103
9179855
8898597
8739237
9179583
8735931
8120872
7178704
6880858
7485860
8080174
8932116
9913463
10354567
10403364
11045345
11541951
11821391
11826452
12009004
11919006
10827346
10402276
9542232
7320448
6899674
4281763
3565343
2369249
2836346
3337292
3952966
4385899
4647267
4943595
5624838
6232392
6741094
7208459
8222996
8411278
8225909
8025330
8091978
8342804
8696450
9209916
9326864
9341096
9944551
10305683
10749427
10803021
10971635
11128883
10948299
10331457
10331457
9619119
8868777
6205137
3995239
3295259
2634747
2528675
2648802
2789301
4473468
7450731
9295361
9701753
9598083
10173533
10767062
10767062
11011367
11126067
11903391
11985249
11910143
13544897
15476099
16738285
17570691
17549507
26639953
28868421
30416911
31446870
32134141
32363397
33265369
34676855
35653323
36546873
37038503
37664765
37508801
37908021
38936133
39456383
43925043
48120297
51445413
54113321
49950747
47829671
44421893
40079269
40306163
40298254
41031491
41717677
41677770
41330249
39725153
37456935
32906900
27537681
21943868
11673265
10481748
10001170
9214118
7944021
7224034
6980921
6086385
5656834
3999284
4078746
4393125
4481021
4489481
4675526
4842647
4820769
3565880
3600461
3653512
3519896
3513859
3547613
3283994
3893182
4649215
5626684
5995982
6414657
6158524
6067017
6057633
5990601
5840453
5783225
5727457
5705057
5581447
5564433
5581515
5758767
5639505
5706105
5681163
5915377
5698003
5054593
4495327
3828439
3889233
3885363
3756651
3723275
3748045
3929421
4675623
5030871
5375623
5380287
5753811
5934351
6033409
6113049
6137571
6827487
7026029
7488669
7974045
7585343
7602656
7827021
7595647
8361021
9861375
10921005
12294133
13266159
14087973
13956495
12905157
13086493
12772471
12153221
11031345
10853929
10225279
9945942
9654849
8940895
8446388
7746448
4574029
4053204
3945874
3954528
5348225
6053867
6554839
6760035
7040197
7266757
7351537
7180059
6624663
6243579
5485851
4910629
4293831
4142549
3970415
3755669
3451839
3103907
2392048
2061013
1838013
1855411
1862889
1923966
1874887
1763151
1909980
1927916
2297958
2484388
2583156
2588505
2577774
2575967
2577165
2738739
2997675
3034518
3112290
3136891
3160673
3199588
3287539
3139530
3135096
3149255
3141826
3138654
3078215
3108617
3152401
3552857
3617738
3700011
3827715
4281047
4409148
4589812
4947303
5284783
5447180
5409389
5648953
5859803
6515347
6912883
7095453
7289367
7446730
7198100
6700218
5496750
4369464
3974548
3583048
3562202
3446330
3418720
3627248
3790004
3847210
4021323
4057486
4068282
3907192
3748066
3652286
3371600
3135332
2841016
2687152
2501850
2557988
2618345
2821151
2903087
3187970
3126406
2974017
3067940
3002427
2860549
2851033
2868534
2916948
2980745
3139687
3431394
3898494
4352323
4642941
4745150
5288881
5431764
5576294
5411985
4936578
4883278
4743687
4748255
4563983
4567925
3978055
3547410
3185925
2912899
2708244
3202290
3885517
4124353
5515827
6200058
6872374
7886373
8463252
9004912
8931184
8996430
8977308
9108975
9212049
8971188
8848782
8460649
7494143
5991551
5032459
4529760
4532386
3791423
4279481
4728339
5219718
5421547
6019090
6027125
5562169
5537121
5805886
5805886
5813957
5799928
5832712
5211592
4773283
4319379
3947202
2448161
2477942
2477524
2483094
2437222
2492823
2529044
2591139
3822702
5195016
5602782
5717055
5889914
5889914
5920715
5869391
6118621
6260121
6512997
6485919
6441799
6357849
6049431
5681789
5553349
5464199
4731983
3866449
3690251
3810422
3998722
4213484
4669306
5308179
6031273
7259700
8367983
8820922
9416843
9608014
9859214
9696531
8967250
8031604
8095863
8475038
8381372
8338480
8152339
7404713
7594861
7260859
6807587
6614711
6302080
6369757
6465944
6573030
6516246
6440306
6294622
5575186
4823253
4731865
5537518
5586698
5500575
5508674
5518694
5534658
5413142
5333528
5346944
5346944
6114357
7146186
9361248
10377722
11387728
12159232
12364529
12513338
12659322
12161021
10918798
10375174
10349771
9982274
9834867
10137073
9752537
9199553
7750780
6286824
5715486
5508818
5575876
5973872
6316336
6646650
6795852
6422244
6423448
6481490
6323974
5952656
5429716
4595962
4242673
4608061
4617693
4691315
4953757
4918729
4540351
4237761
3382239
3081109
3489601
3747773
3744117
3778837
3888655
3993831
4111951
3616757
3789093
3711503
3683949
3914893
4040269
4123390
4001825
3922326
3864895
3861758
4064880
4030622
3764168
3579676
3600918
3527387
3347485
3090485
2738038
2684932
2630662
2761574
2947938
2997718
3170910
2962042
3256282
3828472
4083952
4887943
4746027
6185111
6633681
6960169
7658272
8116162
8098656
8226431
8406617
8446785
8450870
8531616
9347335
9233533
7909725
6665394
6203749
6003913
5401883
5433038
5094533
5591289
6194072
6116411
6387215
6467565
6211739
6019293
5883995
5872051
5862653
5639281
5683057
5451965
4761139
3867160
3357775
3060712
2784761
2974127
3638196
4028787
4329473
4739570
5190621
5518910
5549918
5790007
5785513
6397411
6713903
6629030
6777294
6742241
6112639
5609689
4788885
4154904
3932189
3976499
4054295
3879639
3743845
3624757
3536383
3438651
3438651
3011599
2829585
2241033
2339381
2331141
2319707
2402695
2593187
2609241
2591055
2620275
2673449
5087909
6573889
8553577
9352735
10236862
10594475
10934825
11256459
11400692
11294709
11561661
11363487
11259013
10779428
9986227
8767919
7628776
6265387
4901949
3349183
3424553
3485126
3066124
3075099
2834845
2870357
2916188
3211373
3949099
4118127
4514877
5679871
6224447
6563569
6775226
6959971
7299912
7245036
7197196
6662824
6506904
6477836
6119284
5907380
5246734
4884882
4537088
4215502
4164677
3855602
4087912
4335126
4505564
4576723
5048129
5399478
5671687
5089123
5056465
4400957
3830934
3670485
3871562
3856087
3785697
3790146
3799785
3696167
3975589
4580819
4728273
4710679
4742181
4763131
4483013
4166725
3892811
3871847
3661545
3681415
3788594
3898758
4037050
4481830
4625813
4729812
4661216
4736661
5090888
5184069
5208974
5110603
4794255
4458140
4074410
3539108
3085977
2668138
2539066
2360197
2569097
2615987
3403213
3646940
3823709
4084644
4274686
4413650
4406070
4414789
4409991
4373536
4117084
4058691
4036403
3910631
3650411
3394235
3075963
3047226
2573025
2821899
2736208
2869711
2919105
2997259
3071887
3140110
3118196
3035418
3098539
3267500
3576521
3944272
4213956
4227995
4310513
4434101
4460235
4388357
3939306
3348136
3274892
2789544
2774044
2779440
2774890
2303502
2151836
2037012
2203822
2201754
2370014
2201643
2150892
2143634
2308084
2313382
4196658
4756524
4885146
5274601
5471605
5540143
5467317
5424295
5428009
5397652
5482178
5464526
5430536
5259897
5239423
4924640
4412650
4131922
3158436
2931142
2461317
2707833
3159742
3013648
3293616
3547679
4202014
4583558
4759305
5185815
4966385
5081965
5605191
5882197
5753491
5584667
5820248
5327017
4899688
4615074
5495647
6449587
7154665
7431024
8424457
8803531
9040017
9246075
9503624
9585687
9367429
9311766
9382308
9125730
8445198
7869362
7437202
5805086
4459464
2895585
2781207
2707044
2771271
2799189
2787704
2758763
2758371
2879196
2731710
2717000
2949100
2764345
2606213
3028863
3309537
3689785
4365450
5042095
5583602
5863635
6059817
6058807
6184971
6131439
6144245
5962035
5822627
5297185
4749047
4379183
3064421
2700214
2095299
2326500
2665176
2769451
2704578
2463442
2433466
3013920
3575591
4453991
5016882
5552144
5972877
7018636
7739945
8259941
8662984
8587226
8611798
8362243
8022104
7835925
7676040
7198838
6441073
5249538
4512816
4160455
3775597
3606365
3443730
3191215
2914395
2946607
2916745
2915941
2891883
2830259
2787037
2664465
2560391
2342717
2184013
2038979
1821159
1528593
1608369
1610215
1679597
1678858
1622851
1551183
1254698
1335901
1443087
1764717
1815167
1786303
1789321
1817843
2224985
2363149
2371993
2279409
2329557
2296121
2145103
2116073
1962789
2095371
2093023
2103753
2175667
2614709
2804571
3069357
3353211
3510323
3707131
3884295
4201353
4460321
4596411
4728813
4710902
4578944
4240380
3832578
3268478
3205592
2541646
2198874
2425374
2809488
3095844
3135026
3484087
4043759
4700710
5258378
5625027
5879859
6183856
6864093
6982570
6985902
6707684
6499090
6115504
5524451
5379950
5034383
4746350
4390879
4031273
3176421
2805457
2573949
2543463
2428915
2198605
1823104
1687464
1922684
2241506
2349990
2497152
2872084
2865684
3051586
2940682
2857531
2858307
2986489
3077055
3124013
2999250
2798856
2352600
2175823
1990070
1783650
1772300
1724578
1751076
1683365
1626052
1623336
1562948
1557288
1467904
1501145
1479867
1590358
1640928
1631283
1624282
1705647
1674835
1525673
1494211
1454880
1454880
1440516
1622189
1691757
1719879
1743271
1822633
1822633
1833084
1827911
1892594
2058452
1999646
2697423
2833846
2856516
2796098
2762246
2858358
2843103
2826536
2806302
2643748
2715788
2744567
2662401
2657589
2891284
2943612
3187659
3231102
3429618
3517461
2949206
3149472
2823746
2705728
2570954
2575758
2414638
2361634
2295195
2222891
2205219
2238867
2266713
2192319
2283429
2267501
2251611
2566745
2868311
3355173
3457657
3039669
3041893
3051261
2966189
2909363
3046897
3124201
3534577
3850331
4154569
4624985
4825913
5269663
5384425
5799293
5874097
5626699
5196503
4432092
3874767
3489046
3705038
3763524
3790002
3998674
4218848
4271578
4389076
4579882
4748724
4676220
4706232
4538893
4342157
3462400
3024526
2808471
2291476
2024612
1776747
1955204
1967421
1890121
1847138
2039006
2041890
1834279
1774340
1784798
1890795
1902168
2068065
1954614
1950688
1966054
2107826
2129872
2109474
2020000
2033232
3451732
5133110
6076618
6831048
7997526
8754969
9319249
9449801
9724288
9366690
9438910
9589409
9260851
8990095
8970787
8502206
8261778
7558547
6791234
4728291
4371143
4304685
4261042
4353555
4410039
4612067
4631479
4420557
4383475
4074099
4189677
4201859
4011254
4231929
4347197
4486523
5110692
5625969
6148717
6125241
6090733
6114759
5529927
5595891
5525963
5598237
5264305
4743029
4012183
4149543
4034811
3649033
3415824
3266297
2696289
2729189
3094819
3573220
3590055
3781877
3787891
3974514
4102783
4088637
4153069
4119119
4225414
4031673
4029002
4124939
3922183
3798923
3554321
3078166
2431009
2488138
2488011
2467349
2017868
1908786
1812228
1695527
1577434
1432112
1384875
1220759
1271411
1236989
1463345
1463510
1437949
1450291
1584721
1704627
1709753
1834360
1925648
2760837
3271252
3474411
3675753
3933621
3948023
4022341
4074840
4117862
4101473
4044817
4284621
4444524
4419058
4344254
4161380
3976979
3715574
3729147
3742316
3581031
3390846
3365398
3225019
2953658
2905280
2794460
2499533
2122150
2047622
2119535
2022725
1823401
1803698
2067308
2050619
2064067
2429585
3192697
3717304
3896300
3896078
4075300
4106194
4227676
4475322
4462758
4364989
4204190
4005092
3949776
3966972
3645748
3161900
2991860
2537214
2124576
1940022
1944110
1965377
1891939
1600829
1484437
1452809
1333389
1310209
1285357
1491901
1456491
1450233
1492213
1661477
1641467
1791635
1722711
1703809
1706195
1688175
1656327
1747737
1776055
1739010
1796110
1680013
1857855
1863287
1872381
1710433
1703949
1723281
1682977
1463771
1446105
1255603
1358613
1478543
1517969
1627625
1677095
1647367
1627933
1620337
1705171
1705171
1787855
1543219
1764671
1751402
1771798
1755110
1760325
1752479
1788853
1734879
1778377
1819421
1833049
1852353
1908181
1984813
2034957
1946025
2354559
2473443
2471387
2583255
2401885
2353141
2411011
2533135
2691245
2984273
2961335
4850973
6616015
7851729
8651203
9154831
9897030
11308081
11803233
12061238
11743009
11522468
11047555
10561999
10164977
9653523
8963479
8056886
6825141
5796815
5808563
5848479
5829643
5829643
5939349
6059033
5857468
5254675
3643671
2670597
2660367
2599971
2548595
2548595
2498098
2513171
2491893
2384206
2384792
2347162
2048248
2113615
2099058
2139126
2161742
2161742
2192320
2292844
2221364
2604978
2872896
2896091
2975294
3045684
3436724
3472968
3686132
4072637
4428202
4576456
4808666
4868186
4993384
5067528
5167954
5366134
5411172
5220174
5020757
4461692
3735114
3287798
2205247
1919162
1930006
1636290
1634554
1677079
1813677
1923541
2091989
1999811
2330143
2694653
2938475
3191045
3199067
3204584
3220201
3263293
3228007
3203095
3273645
3317971
3309483
3230879
3209875
3674087
3946605
4117275
4278329
4851385
5045711
4856559
4668779
4424691
4374903
4373448
4376537
4274551
4236217
4068283
3748823
3473981
3820200
3689913
3661179
3888607
4285405
4892091
5722507
6411521
7043761
7857705
8552187
8951603
8785633
9399807
10084665
10514018
11471434
12115080
11726254
11484538
11670326
10758425
9707194
9251903
8737876
8187275
7747475
7231690
6559508
6064308
5632327
5079205
2630524
2226394
1817040
1246857
1258541
1231497
1098182
972875
1134037
1195954
1262137
1249798
1311545
1545374
1554371
1599846
1869684
1897290
1943555
1844985
1771855
1668329
1639777
1487997
1472801
1830811
1877043
2272297
2724459
3303199
3733467
3808379
3934289
3823976
3832141
3761147
3455971
3306215
3006447
2974057
2811469
2777061
2618097
2419005
2375141
2409937
2480997
2603579
2588627
2334129
2061713
2049017
1972225
1967603
2033849
2315111
2278025
2428169
2432499
2380165
2337893
2229971
2061489
2061489
2750517
2805717
2831879
3645945
3929229
4868587
5508839
6562218
7130501
7564763
7908127
7989619
7743901
7703033
7786021
7512725
7067687
6585297
6081955
5136489
5006194
4295183
3031819
2971993
2634305
2608743
2607771
2888080
3358621
3395429
3410133
3408353
3570863
3830613
4153507
4267935
4735837
5177521
5629810
5934720
6104203
6695240
7128460
6843355
6210301
5742432
5697158
6160368
6232970
11953224
13556693
14822192
16463633
18063977
18753064
19170867
19311872
19970998
20965203
21502192
21676651
21115917
20263491
21186703
20054782
17856887
16437407
13731655
13821675
14097995
14804639
15916332
17477906
18657183
19391371
20247207
20953032
21234643
21156973
20788017
20418197
20593233
20301957
15730083
9796448
8788655
8734579
8185387
6770493
5801037
5760813
6497963
7575889
8201141
8479905
8558675
8399307
7966927
7695083
7286313
6782885
6462967
6346184
6180821
5534189
5016663
4466821
3891765
2110737
1710841
1560791
2091777
2405196
2951891
3157231
3234821
3269939
3360863
3376645
3404793
3375183
3166587
3082731
3105027
3239517
3288859
3534786
3744593
3356223
3419981
3438529
3713687
3710485
3758583
3821535
3779495
3771239
3859800
3864921
4013195
3860917
3587760
3414453
3371417
3415425
3267015
3228337
3234739
3258815
3170779
3105829
3325801
3156455
3156789
3438900
3722003
4074389
4527343
4591303
4551493
4653069
4681805
4580501
4568587
4261227
4205375
4021001
3747787
2862123
2375597
2013941
2250959
2582437
2587977
2873813
3107719
3764043
4237293
5359335
6691585
8788379
10458747
12008763
12999593
13715233
14008827
14319759
14446131
14240765
13983281
13823353
12869975
11127971
9538825
8458725
7084151
6058569
4856921
4381843
4267837
4460613
4417185
4212035
3936875
3853839
3774611
3564401
3364479
3082363
2840703
2447677
1511519
1527765
1674879
1798997
1778661
1772087
1803487
1889901
1980261
1988273
1812379
1629761
1430273
1395981
1270941
1092023
1081407
1080993
1261561
1255063
1314889
1362139
1371783
1316605
1303311
1383433
1407990
1337519
1219313
1230215
1229573
1362378
1403266
1400936
1410246
1416502
1414666
1432816
1200140
1224104
1261844
1262406
